t x1 y1 z1 vx1 vy1 vz1 x2 y2 z2 vx2 vy2 vz2 x3 y3 z3 vx3 vy3 vz3 # Masses: m1=1.0, m2=0.9, m3=0.8
0.00000000 -1.00000000 0.00000000 0.00000000 0.00000000 0.50000000 0.00000000 1.00000000 0.00000000 0.00000000 0.00000000 -0.40000000 0.00000000 0.00000000 1.50000000 0.00000000 0.60000000 0.00000000 0.00000000
0.10000000 -0.99817501 0.05100068 0.00000000 0.03667736 0.51978197 0.00000000 0.99808058 -0.03894775 0.00000000 -0.03826013 -0.37866960 0.00000000 0.05987811 1.49756536 0.00000000 0.59719594 -0.04872416 0.00000000
0.20000000 -0.99262710 0.10391053 0.00000000 0.07448194 0.53818394 0.00000000 0.99237230 -0.07567546 0.00000000 -0.07578956 -0.35557881 0.00000000 0.11936504 1.49024672 0.00000000 0.59216083 -0.09770377 0.00000000
0.30000000 -0.98323660 0.15859189 0.00000000 0.11355011 0.55521424 0.00000000 0.98294441 -0.11000111 0.00000000 -0.11266423 -0.33061144 0.00000000 0.17823329 1.47801138 0.00000000 0.58480962 -0.14707993 0.00000000
0.40000000 -0.96986945 0.21490688 0.00000000 0.15404131 0.57085378 0.00000000 0.96985919 -0.14172992 0.00000000 -0.14894716 -0.30361713 0.00000000 0.23624522 1.46081256 0.00000000 0.57501392 -0.19699796 0.00000000
0.50000000 -0.95237465 0.27271467 0.00000000 0.19613907 0.58505337 0.00000000 0.95317302 -0.17065068 0.00000000 -0.18468717 -0.27440900 0.00000000 0.29314867 1.43858868 0.00000000 0.56259923 -0.24760658 0.00000000
0.60000000 -0.93058153 0.33186752 0.00000000 0.24005309 0.59772846 0.00000000 0.93293840 -0.19653120 0.00000000 -0.21991650 -0.24275874 0.00000000 0.34867122 1.41126320 0.00000000 0.54733969 -0.29905699 0.00000000
0.70000000 -0.90429546 0.39220531 0.00000000 0.28603039 0.60874415 0.00000000 0.90920624 -0.21911163 0.00000000 -0.25464638 -0.20837624 0.00000000 0.40251230 1.37874396 0.00000000 0.52893920 -0.35150692 0.00000000
0.80000000 -0.87329663 0.45355398 0.00000000 0.33435698 0.61791112 0.00000000 0.88202643 -0.23810251 0.00000000 -0.28886525 -0.17090489 0.00000000 0.45434104 1.34092285 0.00000000 0.50702718 -0.40512089 0.00000000
0.90000000 -0.83733442 0.51571719 0.00000000 0.38536160 0.62496768 0.00000000 0.85145149 -0.25317475 0.00000000 -0.32252934 -0.12990552 0.00000000 0.50378509 1.29767510 0.00000000 0.48114351 -0.46006589 0.00000000
1.00000000 -0.79612273 0.57846605 0.00000000 0.43942188 0.62954966 0.00000000 0.81754155 -0.26394858 0.00000000 -0.35554691 -0.08482342 0.00000000 0.55041917 1.24885959 0.00000000 0.45071292 -0.51651073 0.00000000
1.10000000 -0.74933399 0.64152777 0.00000000 0.49697188 0.63115155 0.00000000 0.78036918 -0.26997963 0.00000000 -0.38775717 -0.03494200 0.00000000 0.59375216 1.19431736 0.00000000 0.41501196 -0.57462969 0.00000000
1.20000000 -0.69659553 0.70457386 0.00000000 0.55849713 0.62909128 0.00000000 0.74002564 -0.27074583 0.00000000 -0.41890568 0.02065479 0.00000000 0.63321557 1.13387173 0.00000000 0.37314748 -0.63460074 0.00000000
1.30000000 -0.63748462 0.76719344 0.00000000 0.62451679 0.62242655 0.00000000 0.69663646 -0.26561875 0.00000000 -0.44858042 0.08317954 0.00000000 0.66813975 1.06732929 0.00000000 0.32400698 -0.69661016 0.00000000
1.40000000 -0.57152541 0.82886254 0.00000000 0.69554515 0.60985038 0.00000000 0.65038105 -0.25382406 0.00000000 -0.47610621 0.15429831 0.00000000 0.69772808 0.99447390 0.00000000 0.26618805 -0.76089857 0.00000000
1.50000000 -0.49819400 0.88890757 0.00000000 0.77200708 0.58957907 0.00000000 0.60152229 -0.23439680 0.00000000 -0.50038966 0.23632074 0.00000000 0.72102992 0.91506193 0.00000000 0.19792952 -0.82783467 0.00000000
1.60000000 -0.41693799 0.94644153 0.00000000 0.85403162 0.55917315 0.00000000 0.55047382 -0.20608456 0.00000000 -0.51950600 0.33266273 0.00000000 0.73688944 0.82879322 0.00000000 0.11690472 -0.89821200 0.00000000
1.70000000 -0.32721751 1.00029749 0.00000000 0.94112733 0.51540286 0.00000000 0.49790676 -0.16721580 0.00000000 -0.52994579 0.44856517 0.00000000 0.74387678 0.73524591 0.00000000 0.01977985 -0.97388939 0.00000000
1.80000000 -0.22859831 1.04894204 0.00000000 1.03157960 0.45420852 0.00000000 0.44500343 -0.11543708 0.00000000 -0.52453309 0.59272960 0.00000000 0.74011903 0.63368917 0.00000000 -0.09937477 -1.05958145 0.00000000
1.90000000 -0.12091103 1.09040476 0.00000000 1.12165450 0.37098745 0.00000000 0.39406388 -0.04721969 0.00000000 -0.48633651 0.78087161 0.00000000 0.72281692 0.52261620 0.00000000 -0.25493956 -1.16721487 0.00000000
2.00000000 -0.00449247 1.12225798 0.00000000 1.20488898 0.26135781 0.00000000 0.35039557 0.04320063 0.00000000 -0.36447543 1.04382640 0.00000000 0.68642057 0.39857682 0.00000000 -0.49607636 -1.32600196 0.00000000
2.10000000 0.11954444 1.14167776 0.00000000 1.27247151 0.12173786 0.00000000 0.33072784 0.16548254 0.00000000 0.07218288 1.41551553 0.00000000 0.61350064 0.25423494 0.00000000 -1.07179512 -1.56962730 0.00000000
2.20000000 0.24923711 1.14544696 0.00000000 1.31764702 -0.05245662 0.00000000 0.40576651 0.29619490 0.00000000 1.43851747 0.63655301 0.00000000 0.42696629 0.11997204 0.00000000 -2.66539092 -0.47555135 0.00000000
2.30000000 0.38230005 1.13033877 0.00000000 1.33849611 -0.25160690 0.00000000 0.51829682 0.28955641 0.00000000 0.73356997 -0.35800312 0.00000000 0.19404101 0.16382558 0.00000000 -1.89838635 0.89226213 0.00000000
2.40000000 0.51569023 1.09498634 0.00000000 1.32262850 -0.45514446 0.00000000 0.56719565 0.25506939 0.00000000 0.30159400 -0.29386416 0.00000000 0.03229210 0.26431401 0.00000000 -1.39257887 1.07452775 0.00000000
2.50000000 0.64555045 1.03953301 0.00000000 1.26877452 -0.65226752 0.00000000 0.58563402 0.23387020 0.00000000 0.08938312 -0.12352911 0.00000000 -0.09077634 0.37497976 0.00000000 -1.08652416 1.12930464 0.00000000
2.60000000 0.76839894 0.96485910 0.00000000 1.18326561 -0.83993884 0.00000000 0.58838573 0.23123681 0.00000000 -0.02099576 0.07431366 0.00000000 -0.18743262 0.48878471 0.00000000 -0.85546179 1.14132068 0.00000000
2.70000000 0.88114572 0.87167398 0.00000000 1.06547165 -1.02370708 0.00000000 0.58390902 0.24938197 0.00000000 -0.05614259 0.29166034 0.00000000 -0.26332980 0.60235281 0.00000000 -0.66867915 1.12651597 0.00000000
2.80000000 0.97989462 0.76009542 0.00000000 0.89915763 -1.20754867 0.00000000 0.57989316 0.29007445 0.00000000 -0.00850997 0.52359163 0.00000000 -0.32224808 0.71354697 0.00000000 -0.51437332 1.09539525 0.00000000
2.90000000 1.05831542 0.63061405 0.00000000 0.65299691 -1.37640535 0.00000000 0.58588886 0.35384515 0.00000000 0.14963111 0.74628209 0.00000000 -0.36701924 0.82115665 0.00000000 -0.38458114 1.05593933 0.00000000
3.00000000 1.10694065 0.48718399 0.00000000 0.30266383 -1.47250420 0.00000000 0.61431918 0.43677689 0.00000000 0.44014564 0.89055002 0.00000000 -0.39978489 0.92464602 0.00000000 -0.27349364 1.01376149 0.00000000
3.10000000 1.11683563 0.34162293 0.00000000 -0.10392017 -1.40618060 0.00000000 0.67660756 0.52580044 0.00000000 0.80682710 0.85342219 0.00000000 -0.42222804 1.02394584 0.00000000 -0.17778027 0.97262579 0.00000000
3.20000000 1.08892706 0.21186634 0.00000000 -0.43002566 -1.16756466 0.00000000 0.77302032 0.60079839 0.00000000 1.09650774 0.62231401 0.00000000 -0.43580669 1.11926889 0.00000000 -0.09603913 0.93435256 0.00000000
3.30000000 1.03627474 0.11012891 0.00000000 -0.59733566 -0.86702018 0.00000000 0.89023809 0.64793608 0.00000000 1.22106620 0.31990015 0.00000000 -0.44186128 1.21091078 0.00000000 -0.02702990 0.89888755 0.00000000
3.40000000 0.97359739 0.03732585 0.00000000 -0.64087369 -0.59794211 0.00000000 1.01295617 0.66598316 0.00000000 1.21768961 0.05070286 0.00000000 -0.44157244 1.29911163 0.00000000 0.03119130 0.86538692 0.00000000
3.50000000 0.91027262 -0.01135978 0.00000000 -0.61835335 -0.38495314 0.00000000 1.13161813 0.66015160 0.00000000 1.14860976 -0.15727639 0.00000000 -0.43591117 1.38402917 0.00000000 0.08075571 0.83312736 0.00000000
3.60000000 0.85089930 -0.04131389 0.00000000 -0.56604320 -0.22133691 0.00000000 1.24179974 0.63633621 0.00000000 1.05251058 -0.31112385 0.00000000 -0.42564883 1.46576414 0.00000000 0.12347959 0.80168548 0.00000000
3.70000000 0.79745295 -0.05686931 0.00000000 -0.50175542 -0.09507794 0.00000000 1.34184890 0.59928944 0.00000000 0.94793893 -0.42399323 0.00000000 -0.41139620 1.54438603 0.00000000 0.16076298 0.77083981 0.00000000
3.80000000 0.75067224 -0.06123960 0.00000000 -0.43359565 0.00377561 0.00000000 1.43137948 0.55253465 0.00000000 0.84296526 -0.50683770 0.00000000 -0.39364220 1.61994802 0.00000000 0.19365864 0.74047290 0.00000000
3.90000000 0.71074169 -0.05678816 0.00000000 -0.36513475 0.08234121 0.00000000 1.51053946 0.49865863 0.00000000 0.74084947 -0.56750411 0.00000000 -0.37278401 1.69249424 0.00000000 0.22296279 0.71051561 0.00000000
4.00000000 0.67760469 -0.04528232 0.00000000 -0.29786851 0.14552810 0.00000000 1.57968262 0.43959088 0.00000000 0.64270948 -0.61140427 0.00000000 -0.34914881 1.76206317 0.00000000 0.24928747 0.68091967 0.00000000
4.10000000 0.65110907 -0.02808118 0.00000000 -0.23235253 0.19671866 0.00000000 1.63922079 0.37681118 0.00000000 0.54873603 -0.64226090 0.00000000 -0.32300973 1.82868890 0.00000000 0.27311263 0.65164519 0.00000000
4.20000000 0.63107164 -0.00625972 0.00000000 -0.16870974 0.23825467 0.00000000 1.68956199 0.31148708 0.00000000 0.45872575 -0.66264322 0.00000000 -0.29459678 1.89240169 0.00000000 0.29482071 0.62265528 0.00000000
4.30000000 0.61730679 0.01930326 0.00000000 -0.10687587 0.27177881 0.00000000 1.73108643 0.24457127 0.00000000 0.37233075 -0.67434435 0.00000000 -0.26410573 1.95322824 0.00000000 0.31472275 0.59391388 0.00000000
4.40000000 0.60964060 0.04786774 0.00000000 -0.04671666 0.29844039 0.00000000 1.76413610 0.17686557 0.00000000 0.28917456 -0.67860956 0.00000000 -0.23170386 2.01119156 0.00000000 0.33307443 0.56538528 0.00000000
4.50000000 0.60791275 0.07878966 0.00000000 0.01191748 0.31904404 0.00000000 1.78901724 0.10906820 0.00000000 0.20890056 -0.67630158 0.00000000 -0.19753533 2.06631120 0.00000000 0.35009001 0.53703423 0.00000000
4.60000000 0.61197781 0.11149310 0.00000000 0.06916243 0.33413498 0.00000000 1.80600186 0.04180483 0.00000000 0.13119712 -0.66799567 0.00000000 -0.16172435 2.11860319 0.00000000 0.36595021 0.50882641 0.00000000
4.70000000 0.62170252 0.14544483 0.00000000 0.12512096 0.34406758 0.00000000 1.81533373 -0.02434328 0.00000000 0.05581240 -0.65405645 0.00000000 -0.12437860 2.16808015 0.00000000 0.38080985 0.48072903 0.00000000
4.80000000 0.63696152 0.18014128 0.00000000 0.17986086 0.34903863 0.00000000 1.81723500 -0.08882512 0.00000000 -0.01744772 -0.63467538 0.00000000 -0.08559128 2.21475166 0.00000000 0.39480260 0.45271152 0.00000000
4.90000000 0.65763465 0.21509002 0.00000000 0.23339683 0.34912390 0.00000000 1.81191090 -0.15109931 0.00000000 -0.08870269 -0.60991198 0.00000000 -0.04544308 2.25862419 0.00000000 0.40804449 0.42474610 0.00000000
5.00000000 0.68359967 0.24980192 0.00000000 0.28569125 0.34428944 0.00000000 1.79955947 -0.21062595 0.00000000 -0.15800119 -0.57970719 0.00000000 -0.00400399 2.29970180 0.00000000 0.42063728 0.39680879 0.00000000
5.10000000 0.71472835 0.28377992 0.00000000 0.33664198 0.33440838 0.00000000 1.78037678 -0.26685434 0.00000000 -0.22530874 -0.54390253 0.00000000 0.03866570 2.33798623 0.00000000 0.43266985 0.36887987 0.00000000
5.20000000 0.75087740 0.31650855 0.00000000 0.38606608 0.31927393 0.00000000 1.75456830 -0.31921177 0.00000000 -0.29049107 -0.50225521 0.00000000 0.08251392 2.37347755 0.00000000 0.44421985 0.34094469 0.00000000
5.30000000 0.79188175 0.34744970 0.00000000 0.43369370 0.29859748 0.00000000 1.72235732 -0.36709937 0.00000000 -0.35330802 -0.45443689 0.00000000 0.12749582 2.40617467 0.00000000 0.45535440 0.31299464 0.00000000
5.40000000 0.83754411 0.37603188 0.00000000 0.47914223 0.27202839 0.00000000 1.68399735 -0.40988066 0.00000000 -0.41338491 -0.40005576 0.00000000 0.17357285 2.43607589 0.00000000 0.46613024 0.28502723 0.00000000
5.50000000 0.88762036 0.40164535 0.00000000 0.52189029 0.23916067 0.00000000 1.63978939 -0.44687677 0.00000000 -0.47018340 -0.33866450 0.00000000 0.22071148 2.46317967 0.00000000 0.47659346 0.25704671 0.00000000
5.60000000 0.94180952 0.42363844 0.00000000 0.56125821 0.19953746 0.00000000 1.59009406 -0.47736286 0.00000000 -0.52297935 -0.26976542 0.00000000 0.26888228 2.48748517 0.00000000 0.48677900 0.22906427 0.00000000
5.70000000 0.99973086 0.44131200 0.00000000 0.59635894 0.15269323 0.00000000 1.53535788 -0.50056268 0.00000000 -0.57080746 -0.19285642 0.00000000 0.31805881 2.50899302 0.00000000 0.49670971 0.20109694 0.00000000
5.80000000 1.06090129 0.45392136 0.00000000 0.62605538 0.09817742 0.00000000 1.47613983 -0.51565111 0.00000000 -0.61241273 -0.10745632 0.00000000 0.36821608 2.52770580 0.00000000 0.50639510 0.17316659 0.00000000
5.90000000 1.12471414 0.46067816 0.00000000 0.64891683 0.03559660 0.00000000 1.41313584 -0.52175655 0.00000000 -0.64620138 -0.01315017 0.00000000 0.41932950 2.54362841 0.00000000 0.51583053 0.14529819 0.00000000
6.00000000 1.19039738 0.46076406 0.00000000 0.66314214 -0.03527286 0.00000000 1.34722672 -0.51797636 0.00000000 -0.67015467 0.09028907 0.00000000 0.47137322 2.55676832 0.00000000 0.52499633 0.11751586 0.00000000
6.10000000 1.25698096 0.45334781 0.00000000 0.66650955 -0.11439995 0.00000000 1.27951571 -0.50339546 0.00000000 -0.68177279 0.20280950 0.00000000 0.52431863 2.56713513 0.00000000 0.53385745 0.08983926 0.00000000
6.20000000 1.32324778 0.43762462 0.00000000 0.65631381 -0.20128520 0.00000000 1.21138433 -0.47712961 0.00000000 -0.67800557 0.32384773 0.00000000 0.57813290 2.57474003 0.00000000 0.54236400 0.06227781 0.00000000
6.30000000 1.38768520 0.41287090 0.00000000 0.62934804 -0.29472679 0.00000000 1.14454755 -0.43838485 0.00000000 -0.65523338 0.45207469 0.00000000 0.63277751 2.57959433 0.00000000 0.55045251 0.03482446 0.00000000
6.40000000 1.44843703 0.37853561 0.00000000 0.58196402 -0.39243136 0.00000000 1.08110820 -0.38655739 0.00000000 -0.60933630 0.58496954 0.00000000 0.68820698 2.58170754 0.00000000 0.55804832 0.00744846 0.00000000
6.50000000 1.50326813 0.33436764 0.00000000 0.51029735 -0.49056694 0.00000000 1.02359719 -0.32137255 0.00000000 -0.53594715 0.71832991 0.00000000 0.74436800 2.58108457 0.00000000 0.56506885 -0.01991247 0.00000000
6.60000000 1.54956819 0.28060301 0.00000000 0.41081897 -0.58319287 0.00000000 0.97496983 -0.24308975 0.00000000 -0.43106820 0.84564566 0.00000000 0.80119871 2.57772220 0.00000000 0.57142801 -0.04736028 0.00000000
6.70000000 1.58442858 0.21819258 0.00000000 0.28133994 -0.66183842 0.00000000 0.93852049 -0.15275149 0.00000000 -0.29219226 0.95763762 0.00000000 0.85862873 2.57160470 0.00000000 0.57704136 -0.07504429 0.00000000
6.80000000 1.60485623 0.14906400 0.00000000 0.12265243 -0.71556099 0.00000000 0.91764458 -0.05247000 0.00000000 -0.12013181 1.04232821 0.00000000 0.91657956 2.56269875 0.00000000 0.58183276 -0.10316800 0.00000000
6.90000000 1.60817138 0.07632111 0.00000000 -0.05945108 -0.73210220 0.00000000 0.91539548 0.05435625 0.00000000 0.07873010 1.08632866 0.00000000 0.97496586 2.55094782 0.00000000 0.58574249 -0.13199199 0.00000000
7.00000000 1.59258867 0.00424558 0.00000000 -0.25269061 -0.70078808 0.00000000 0.93383701 0.16304573 0.00000000 0.29077862 1.07805818 0.00000000 1.03369752 2.53626658 0.00000000 0.58873731 -0.16183035 0.00000000
7.10000000 1.55786360 -0.06206938 0.00000000 -0.43894486 -0.61680099 0.00000000 0.97332230 0.26804489 0.00000000 0.49587518 1.01247633 0.00000000 1.09268292 2.51853623 0.00000000 0.59082150 -0.19303464 0.00000000
7.20000000 1.50570264 -0.11750083 0.00000000 -0.59825621 -0.48474125 0.00000000 1.03203433 0.36379902 0.00000000 0.67180040 0.89501309 0.00000000 1.15183307 2.49760214 0.00000000 0.59204482 -0.22596316 0.00000000
7.30000000 1.43964085 -0.15787512 0.00000000 -0.71503251 -0.31857396 0.00000000 1.10611793 0.44583879 0.00000000 0.80114637 0.74147245 0.00000000 1.21106627 2.47327526 0.00000000 0.59250097 -0.26093906 0.00000000
7.40000000 1.36434279 -0.18070805 0.00000000 -0.78272933 -0.13711859 0.00000000 1.19045315 0.51159768 0.00000000 0.87653445 0.57298617 0.00000000 1.27031171 2.44533767 0.00000000 0.59231041 -0.29821121 0.00000000
7.50000000 1.28464482 -0.18537923 0.00000000 -0.80412490 0.04212028 0.00000000 1.27971848 0.56059812 0.00000000 0.90094939 0.40914319 0.00000000 1.32951068 2.41355116 0.00000000 0.59158806 -0.33793644 0.00000000
7.60000000 1.20477414 -0.17276883 0.00000000 -0.78788448 0.20702811 0.00000000 1.36926068 0.59404010 0.00000000 0.88395576 0.26347491 0.00000000 1.38861407 2.37766593 0.00000000 0.59040537 -0.38019441 0.00000000
7.70000000 1.12797469 -0.14465744 0.00000000 -0.74439023 0.35158588 0.00000000 1.45551574 0.61412929 0.00000000 0.83709139 0.14270886 0.00000000 1.44757643 2.33742636 0.00000000 0.58875998 -0.42502982 0.00000000
7.80000000 1.05649220 -0.10317785 0.00000000 -0.68293466 0.47444545 0.00000000 1.53603294 0.62346694 0.00000000 0.77076295 0.04839853 0.00000000 1.50634768 2.29257201 0.00000000 0.58656001 -0.47250516 0.00000000
7.90000000 0.99174873 -0.05044619 0.00000000 -0.61057556 0.57700245 0.00000000 1.60928909 0.62464402 0.00000000 0.69297788 -0.02089308 0.00000000 1.56486386 2.24283321 0.00000000 0.58361933 -0.52274835 0.00000000
8.00000000 0.93457810 0.01163169 0.00000000 -0.53211790 0.66184044 0.00000000 1.67443534 0.62003375 0.00000000 0.60932464 -0.06783056 0.00000000 1.62303763 2.18792242 0.00000000 0.57965716 -0.57599117 0.00000000
8.10000000 0.88542854 0.08142704 0.00000000 -0.45051971 0.73182160 0.00000000 1.73108055 0.61172721 0.00000000 0.52342772 -0.09527130 0.00000000 1.68074871 2.12752309 0.00000000 0.57429346 -0.63259679 0.00000000
8.20000000 0.84452428 0.15758938 0.00000000 -0.36738630 0.78959026 0.00000000 1.77912133 0.60154643 0.00000000 0.43751358 -0.10568650 0.00000000 1.73783316 2.06127354 0.00000000 0.56703011 -0.69309051 0.00000000
8.30000000 0.81198000 0.23901358 0.00000000 -0.28336705 0.83739386 0.00000000 1.81862650 0.59109453 0.00000000 0.35287824 -0.10093221 0.00000000 1.79407019 1.98875168 0.00000000 0.55722078 -0.75819359 0.00000000
8.40000000 0.78788080 0.32479584 0.00000000 -0.19843949 0.87701642 0.00000000 1.84976458 0.58182829 0.00000000 0.27026287 -0.08211439 0.00000000 1.84916385 1.90944837 0.00000000 0.54400364 -0.82889184 0.00000000
8.50000000 0.77233929 0.41418907 0.00000000 -0.11208009 0.90978166 0.00000000 1.87276124 0.57512956 0.00000000 0.19011897 -0.04951332 0.00000000 1.90271948 1.82274291 0.00000000 0.52621626 -0.90652460 0.00000000
8.60000000 0.76554298 0.50655237 0.00000000 -0.02336649 0.93653717 0.00000000 1.88788550 0.57240883 0.00000000 0.11290072 -0.00236301 0.00000000 1.95420009 1.72784961 0.00000000 0.50219481 -0.99301308 0.00000000
8.70000000 0.76778744 0.60130764 0.00000000 0.06898806 0.95761793 0.00000000 1.89546283 0.57521180 0.00000000 0.03936668 0.06149965 0.00000000 2.00287001 1.62375219 0.00000000 0.46947742 -1.09120953 0.00000000
8.80000000 0.77951557 0.69787819 0.00000000 0.16660200 0.97273808 0.00000000 1.89593820 0.58541070 0.00000000 -0.02870421 0.14655865 0.00000000 2.04767506 1.50906523 0.00000000 0.42403973 -1.20580109 0.00000000
8.90000000 0.80134653 0.79562155 0.00000000 0.27138150 0.98081456 0.00000000 1.89004800 0.60551509 0.00000000 -0.08676187 0.26164531 0.00000000 2.08701283 1.38176859 0.00000000 0.35838024 -1.34536917 0.00000000
9.00000000 0.83409932 0.89373725 0.00000000 0.38538013 0.97973598 0.00000000 1.87933497 0.63933445 0.00000000 -0.12144900 0.42531800 0.00000000 2.11812401 1.23857719 0.00000000 0.25490495 -1.52815273 0.00000000
9.10000000 0.87879354 0.99115594 0.00000000 0.51048477 0.96624686 0.00000000 1.86805512 0.69359769 0.00000000 -0.08236853 0.68166316 0.00000000 2.13494606 1.07325769 0.00000000 0.05455863 -1.79967963 0.00000000
9.20000000 0.93660333 1.08644530 0.00000000 0.64769411 0.93659457 0.00000000 1.87404288 0.78182823 0.00000000 0.34062000 1.11168726 0.00000000 2.11594759 0.87238662 0.00000000 -0.59281514 -2.24639137 0.00000000
9.30000000 1.00860347 1.17788369 0.00000000 0.79226233 0.88903962 0.00000000 1.98839112 0.86686650 0.00000000 1.71086750 -0.06603095 0.00000000 1.95730566 0.67992058 0.00000000 -2.31505384 -0.86201470 0.00000000
9.40000000 1.09489134 1.26332456 0.00000000 0.93285223 0.81349616 0.00000000 2.12018188 0.80398569 0.00000000 0.95374615 -0.87623654 0.00000000 1.76118121 0.66136040 0.00000000 -1.63902972 0.14389591 0.00000000
9.50000000 1.19498341 1.33908948 0.00000000 1.06706426 0.69333410 0.00000000 2.19275356 0.71289419 0.00000000 0.54191326 -0.91565541 0.00000000 1.61442299 0.68663218 0.00000000 -1.34348274 0.33844471 0.00000000
9.60000000 1.30754572 1.40019386 0.00000000 1.17804317 0.51984331 0.00000000 2.23412253 0.62351145 0.00000000 0.30318397 -0.86621860 0.00000000 1.48718000 0.72830730 0.00000000 -1.21363593 0.49969178 0.00000000
9.70000000 1.42884519 1.44155764 0.00000000 1.23693489 0.30236894 0.00000000 2.25591068 0.54029625 0.00000000 0.14171112 -0.79624549 0.00000000 1.37104400 0.78771967 0.00000000 -1.10559362 0.69281500 0.00000000
9.80000000 1.55254104 1.46037796 0.00000000 1.22532687 0.07641480 0.00000000 2.26387853 0.46451315 0.00000000 0.02318622 -0.71850707 0.00000000 1.26746035 0.86695025 0.00000000 -0.95774309 0.88780196 0.00000000
9.90000000 1.67198375 1.45793700 0.00000000 1.15659933 -0.11764603 0.00000000 2.26145358 0.39674589 0.00000000 -0.06794547 -0.63617244 0.00000000 1.18088504 0.96373963 0.00000000 -0.76931051 1.03775153 0.00000000
10.00000000 1.78304988 1.43847030 0.00000000 1.06318251 -0.26391020 0.00000000 2.25092724 0.33740491 0.00000000 -0.13983062 -0.55003041 0.00000000 1.11389451 1.07233160 0.00000000 -0.57166868 1.12367197 0.00000000
