LatG  LonG  waterNi  Rel  tW  lakeNpp  lab95  X  Y  nCON  #SvFver_62_tbl
	68.8663944444444	34.12935	1.0	0.0	1990.0	1.0	-1.0	133.12342999180308	-58.797717276886274	184.0
	68.8663944444444	34.12935	0.8	100.0	2005.0	2.0	-2.0	133.12342999180308	-58.797717276886274	185.0
	68.8663944444444	34.12935	0.7	100.0	2009.0	2.0	-2.0	133.12342999180308	-58.797717276886274	185.0
	68.8663944444444	34.12935	0.57	100.0	2014.0	2.0	-2.0	133.12342999180308	-58.797717276886274	185.0
	68.8663944444444	34.12935	0.5	100.0	2018.0	2.0	-2.0	133.12342999180308	-58.797717276886274	185.0
	68.8871111111111	34.3641416666667	0.4	100.0	1995.0	3.0	822.0	141.88528214999258	-56.41288646366789	27.0
	68.8871111111111	34.3641416666667	0.5	100.0	1999.0	3.0	822.0	141.88528214999258	-56.41288646366789	27.0
	68.8871111111111	34.3641416666667	0.2	100.0	2000.0	3.0	822.0	141.88528214999258	-56.41288646366789	27.0
	68.8871111111111	34.3641416666667	0.9	100.0	2005.0	3.0	822.0	141.88528214999258	-56.41288646366789	27.0
	68.8871111111111	34.3641416666667	0.609	100.0	2018.0	3.0	822.0	141.88528214999258	-56.41288646366789	27.0
	68.8902944444444	34.3845777777778	1.4	100.0	2009.0	4.0	-4.0	143.22903660557566	-55.55611187815437	186.0
	68.8902944444444	34.3845777777778	0.94	100.0	2014.0	4.0	-4.0	143.22903660557566	-55.55611187815437	186.0
	68.8884222222222	34.3859638888889	0.824	100.0	2018.0	5.0	-5.0	143.2968191932928	-55.76163409673711	187.0
	68.8555055555556	34.7227416666667	0.4	99.0	1995.0	6.0	821.0	156.84572871040723	-59.23437502044919	30.0
	68.8555055555556	34.7227416666667	0.2	99.0	2000.0	6.0	821.0	156.84572871040723	-59.23437502044919	30.0
	68.8568416666667	34.7633638888889	1.4	100.0	2005.0	7.0	-7.0	158.67437425541792	-58.35137500074481	188.0
	68.8568416666667	34.7633638888889	1.0	100.0	2009.0	7.0	-7.0	158.67437425541792	-58.35137500074481	188.0
	68.8568416666667	34.7633638888889	0.84	100.0	2014.0	7.0	-7.0	158.67437425541792	-58.35137500074481	188.0
	68.8568416666667	34.7633638888889	0.472	100.0	2018.0	7.0	-7.0	158.67437425541792	-58.35137500074481	188.0
	68.8890138888889	34.8941611111111	0.2	100.0	1995.0	8.0	819.0	163.3007332407247	-55.08307976444726	26.0
	68.8890138888889	34.8941611111111	0.7	100.0	1999.0	8.0	819.0	163.3007332407247	-55.08307976444726	26.0
	68.8890138888889	34.8941611111111	0.3	100.0	2000.0	8.0	819.0	163.3007332407247	-55.08307976444726	26.0
	68.8890138888889	34.8941611111111	0.7	100.0	2005.0	8.0	819.0	163.3007332407247	-55.08307976444726	26.0
	68.8890138888889	34.8941611111111	0.8	100.0	2009.0	8.0	819.0	163.3007332407247	-55.08307976444726	26.0
	68.8890138888889	34.8941611111111	0.36	100.0	2014.0	8.0	819.0	163.3007332407247	-55.08307976444726	26.0
	68.8890138888889	34.8941611111111	0.57	100.0	2018.0	8.0	819.0	163.3007332407247	-55.08307976444726	26.0
	68.9333111111111	34.9024138888889	0.3	100.0	1995.0	9.0	820.0	163.59917833621518	-49.46604165432902	23.0
	68.9333111111111	34.9024138888889	1.2	100.0	1999.0	9.0	820.0	163.59917833621518	-49.46604165432902	23.0
	68.9333111111111	34.9024138888889	0.2	100.0	2000.0	9.0	820.0	163.59917833621518	-49.46604165432902	23.0
	68.9333111111111	34.9024138888889	0.4	100.0	2003.0	9.0	820.0	163.59917833621518	-49.46604165432902	23.0
	68.9333111111111	34.9024138888889	1.4	100.0	2005.0	9.0	820.0	163.59917833621518	-49.46604165432902	23.0
	68.9333111111111	34.9024138888889	0.8	100.0	2009.0	9.0	820.0	163.59917833621518	-49.46604165432902	23.0
	68.9333111111111	34.9024138888889	0.41	100.0	2014.0	9.0	820.0	163.59917833621518	-49.46604165432902	23.0
	68.9333111111111	34.9024138888889	0.786	100.0	2018.0	9.0	820.0	163.59917833621518	-49.46604165432902	23.0
	68.9721194444445	34.9212138888889	0.2	100.0	1995.0	10.0	817.0	164.01854329129705	-45.70646031468755	22.0
	68.9721194444445	34.9212138888889	0.7	100.0	1999.0	10.0	817.0	164.01854329129705	-45.70646031468755	22.0
	68.9721194444445	34.9212138888889	0.2	100.0	2000.0	10.0	817.0	164.01854329129705	-45.70646031468755	22.0
	68.9721194444445	34.9212138888889	0.5	100.0	2009.0	10.0	817.0	164.01854329129705	-45.70646031468755	22.0
	68.9721194444445	34.9212138888889	0.37	100.0	2014.0	10.0	817.0	164.01854329129705	-45.70646031468755	22.0
	68.9721194444445	34.9212138888889	0.266	100.0	2018.0	10.0	817.0	164.01854329129705	-45.70646031468755	22.0
	68.9744916666667	34.9178333333333	0.6	100.0	2005.0	11.0	-11.0	164.00692473695605	-44.83125050477703	189.0
	68.9744916666667	34.9178333333333	0.635	100.0	2018.0	11.0	-11.0	164.00692473695605	-44.83125050477703	189.0
	69.0167416666667	34.9584694444444	0.1	100.0	1995.0	12.0	818.0	165.64107335251342	-39.99951241484254	20.0
	69.0167416666667	34.9584694444444	0.7	100.0	1999.0	12.0	818.0	165.64107335251342	-39.99951241484254	20.0
	69.0167416666667	34.9584694444444	0.2	100.0	2000.0	12.0	818.0	165.64107335251342	-39.99951241484254	20.0
	69.0167416666667	34.9584694444444	0.4	100.0	2005.0	12.0	818.0	165.64107335251342	-39.99951241484254	20.0
	69.0167416666667	34.9584694444444	0.8	100.0	2009.0	12.0	818.0	165.64107335251342	-39.99951241484254	20.0
	69.0167416666667	34.9584694444444	0.39	100.0	2014.0	12.0	818.0	165.64107335251342	-39.99951241484254	20.0
	69.0167416666667	34.9584694444444	0.617	100.0	2018.0	12.0	818.0	165.64107335251342	-39.99951241484254	20.0
	68.896525	33.3824944444444	0.5	99.0	1995.0	13.0	827.0	102.36968388071506	-58.375238170822996	28.0
	68.9056416666667	33.4045805555555	0.1	99.0	1995.0	14.0	826.0	104.30115413968188	-56.430844120443524	25.0
	68.896525	33.3824944444444	1.8	100.0	2005.0	15.0	-15.0	102.94458800243362	-56.87650626535259	190.0
	68.896525	33.3824944444444	1.22	100.0	2014.0	15.0	-15.0	102.94458800243362	-56.87650626535259	190.0
	68.9056416666667	33.4045805555555	1.08	100.0	2018.0	16.0	-16.0	103.78915087747814	-55.821799332608535	191.0
	68.82495	35.0588611111111	1.0	100.0	1990.0	17.0	816.0	171.17316788604538	-62.011391131213145	32.0
	68.82495	35.0588611111111	0.3	100.0	1995.0	17.0	816.0	171.17316788604538	-62.011391131213145	32.0
	68.82495	35.0588611111111	0.3	100.0	1999.0	17.0	816.0	171.17316788604538	-62.011391131213145	32.0
	68.82495	35.0588611111111	0.2	100.0	2000.0	17.0	816.0	171.17316788604538	-62.011391131213145	32.0
	68.82495	35.0588611111111	0.5	100.0	2005.0	17.0	816.0	171.17316788604538	-62.011391131213145	32.0
	68.82495	35.0588611111111	0.8	100.0	2009.0	17.0	816.0	171.17316788604538	-62.011391131213145	32.0
	68.82495	35.0588611111111	0.53	100.0	2014.0	17.0	816.0	171.17316788604538	-62.011391131213145	32.0
	68.82495	35.0588611111111	0.4	100.0	2018.0	17.0	816.0	171.17316788604538	-62.011391131213145	32.0
	68.81835	35.4030611111111	0.3	100.0	1995.0	18.0	815.0	184.58780970190384	-61.04253274275315	31.0
	68.81835	35.4030611111111	2.5	100.0	2005.0	18.0	815.0	184.58780970190384	-61.04253274275315	31.0
	68.81835	35.4030611111111	0.42	100.0	2018.0	18.0	815.0	184.58780970190384	-61.04253274275315	31.0
	68.8115888888889	35.3991111111111	0.2	100.0	1995.0	19.0	814.0	184.64322925184786	-61.78509020255518	33.0
	68.8115888888889	35.3991111111111	0.6	100.0	1999.0	19.0	814.0	184.64322925184786	-61.78509020255518	33.0
	68.8115888888889	35.3991111111111	0.3	100.0	2000.0	19.0	814.0	184.64322925184786	-61.78509020255518	33.0
	68.8115888888889	35.3991111111111	1.0	100.0	2009.0	19.0	814.0	184.64322925184786	-61.78509020255518	33.0
	68.8115888888889	35.3991111111111	0.71	100.0	2014.0	19.0	814.0	184.64322925184786	-61.78509020255518	33.0
	68.8115888888889	35.3991111111111	1.39	100.0	2018.0	19.0	814.0	184.64322925184786	-61.78509020255518	33.0
	68.8500944444444	35.7000444444444	0.4	100.0	1999.0	20.0	-20.0	196.36135309748352	-56.38604811885983	192.0
	68.8500944444444	35.7000444444444	0.15	100.0	2000.0	20.0	-20.0	196.36135309748352	-56.38604811885983	192.0
	68.8500944444444	35.7000444444444	0.15	100.0	2018.0	20.0	-20.0	196.36135309748352	-56.38604811885983	192.0
	68.9007361111111	35.7863138888889	0.32	100.0	2018.0	21.0	-21.0	199.36882344368672	-50.46887015738797	193.0
	68.8625166666667	35.6288972222222	0.2	100.0	1995.0	22.0	813.0	194.35248149946642	-56.556312583694535	29.0
	68.8625166666667	35.6288972222222	1.3	100.0	2005.0	22.0	813.0	194.35248149946642	-56.556312583694535	29.0
	68.8625166666667	35.6288972222222	0.4	100.0	2009.0	22.0	813.0	194.35248149946642	-56.556312583694535	29.0
	68.8625166666667	35.6288972222222	0.45	100.0	2014.0	22.0	813.0	194.35248149946642	-56.556312583694535	29.0
	68.8625166666667	35.6288972222222	0.39	100.0	2018.0	22.0	813.0	194.35248149946642	-56.556312583694535	29.0
	68.9090666666667	35.7019777777778	0.7	100.0	2005.0	23.0	-23.0	195.91626229701114	-49.813735445613716	194.0
	68.9090666666667	35.7019777777778	0.7	100.0	2009.0	23.0	-23.0	195.91626229701114	-49.813735445613716	194.0
	68.9090666666667	35.7019777777778	0.45	100.0	2014.0	23.0	-23.0	195.91626229701114	-49.813735445613716	194.0
	68.9090666666667	35.7019777777778	0.623	100.0	2018.0	23.0	-23.0	195.91626229701114	-49.813735445613716	194.0
	69.0835666666667	32.7484055555556	2.7	100.0	2005.0	24.0	-24.0	76.80662201137494	-36.929290924178204	195.0
	69.0835666666667	32.7484055555556	2.23	100.0	2014.0	24.0	-24.0	76.80662201137494	-36.929290924178204	195.0
	69.0881388888889	32.6815555555555	2.0	100.0	1990.0	25.0	-25.0	74.12675547398474	-36.5012558732392	196.0
	69.0881388888889	32.6815555555555	1.4	100.0	2000.0	25.0	-25.0	74.12675547398474	-36.5012558732392	196.0
	69.0881388888889	32.6815555555555	1.9	100.0	2002.0	25.0	-25.0	74.12675547398474	-36.5012558732392	196.0
	69.0881388888889	32.6815555555555	2.5	100.0	2005.0	25.0	-25.0	74.12675547398474	-36.5012558732392	196.0
	69.0881388888889	32.6815555555555	2.4	100.0	2009.0	25.0	-25.0	74.12675547398474	-36.5012558732392	196.0
	69.0881388888889	32.6815555555555	2.87	100.0	2014.0	25.0	-25.0	74.12675547398474	-36.5012558732392	196.0
	69.0881388888889	32.6815555555555	2.77756625714912	100.0	2018.0	25.0	-25.0	74.12675547398474	-36.5012558732392	196.0
	69.0980861111111	32.6373611111111	1.7	100.0	2000.0	26.0	-26.0	72.33276459099298	-35.44354065472355	197.0
	69.0980861111111	32.6373611111111	1.3	100.0	2005.0	26.0	-26.0	72.33276459099298	-35.44354065472355	197.0
	69.0980861111111	32.6373611111111	1.8	100.0	2009.0	26.0	-26.0	72.33276459099298	-35.44354065472355	197.0
	69.1360555555556	32.5347222222222	1.0	100.0	1990.0	27.0	-27.0	68.1259540037408	-31.3219140799756	198.0
	69.1360555555556	32.5347222222222	1.3	100.0	2002.0	27.0	-27.0	68.1259540037408	-31.3219140799756	198.0
	69.1360555555556	32.5347222222222	1.6	10.0	2002.0	27.0	-27.0	68.1259540037408	-31.3219140799756	198.0
	69.1360555555556	32.5347222222222	0.6	100.0	2005.0	27.0	-27.0	68.1259540037408	-31.3219140799756	198.0
	69.1360555555556	32.5347222222222	1.1	100.0	2009.0	27.0	-27.0	68.1259540037408	-31.3219140799756	198.0
	69.1360555555556	32.5347222222222	1.46	100.0	2014.0	27.0	-27.0	68.1259540037408	-31.3219140799756	198.0
	69.1360555555556	32.5347222222222	1.35	100.0	2018.0	27.0	-27.0	68.1259540037408	-31.3219140799756	198.0
	69.1469444444445	32.2681111111111	2.2	100.0	1992.0	28.0	1207.0	56.72367101407596	-28.19419686572715	14.0
	69.1469444444445	32.2681111111111	4.7	100.0	1993.0	28.0	1207.0	56.72367101407596	-28.19419686572715	14.0
	69.1469444444445	32.2681111111111	1.5	100.0	1995.0	28.0	1207.0	56.72367101407596	-28.19419686572715	14.0
	69.1469444444445	32.2681111111111	1.6	100.0	2000.0	28.0	1207.0	56.72367101407596	-28.19419686572715	14.0
	69.1469444444445	32.2681111111111	1.9	100.0	2009.0	28.0	1207.0	56.72367101407596	-28.19419686572715	14.0
	69.1469444444445	32.2681111111111	1.52	100.0	2014.0	28.0	1207.0	56.72367101407596	-28.19419686572715	14.0
	69.1469444444445	32.2681111111111	1.0	100.0	2018.0	28.0	1207.0	56.72367101407596	-28.19419686572715	14.0
	69.4599722222222	31.9063055555556	2.0	100.0	1990.0	29.0	1204.0	43.5386464071251	5.049536496454365	5.0
	69.4599722222222	31.9063055555556	4.4	100.0	1995.0	29.0	1204.0	43.5386464071251	5.049536496454365	5.0
	69.4599722222222	31.9063055555556	3.0	100.0	2000.0	29.0	1204.0	43.5386464071251	5.049536496454365	5.0
	69.4599722222222	31.9063055555556	2.9	100.0	2002.0	29.0	1204.0	43.5386464071251	5.049536496454365	5.0
	69.4599722222222	31.9063055555556	3.0	100.0	2005.0	29.0	1204.0	43.5386464071251	5.049536496454365	5.0
	69.4599722222222	31.9063055555556	3.5	100.0	2009.0	29.0	1204.0	43.5386464071251	5.049536496454365	5.0
	69.4599722222222	31.9063055555556	2.6	100.0	2014.0	29.0	1204.0	43.5386464071251	5.049536496454365	5.0
	69.4599722222222	31.9063055555556	2.54568331104681	100.0	2018.0	29.0	1204.0	43.5386464071251	5.049536496454365	5.0
	69.4697222222222	31.4630277777778	6.4	100.0	1993.0	30.0	1201.0	25.910069862948433	4.794206997877026	6.0
	69.4697222222222	31.4630277777778	5.2	100.0	1995.0	30.0	1201.0	25.910069862948433	4.794206997877026	6.0
	69.4697222222222	31.4630277777778	4.5	100.0	2000.0	30.0	1201.0	25.910069862948433	4.794206997877026	6.0
	69.4697222222222	31.4630277777778	4.7	100.0	2005.0	30.0	1201.0	25.910069862948433	4.794206997877026	6.0
	69.4697222222222	31.4630277777778	10.0	100.0	2009.0	30.0	1201.0	25.910069862948433	4.794206997877026	6.0
	69.4697222222222	31.4630277777778	6.16	100.0	2014.0	30.0	1201.0	25.910069862948433	4.794206997877026	6.0
	69.4697222222222	31.4630277777778	7.44342938082784	100.0	2018.0	30.0	1201.0	25.910069862948433	4.794206997877026	6.0
	69.5126944444445	31.3733888888889	5.0	100.0	1990.0	31.0	1199.0	21.941104404833055	10.339885326806453	2.0
	69.5126944444445	31.3733888888889	5.7	100.0	1995.0	31.0	1199.0	21.941104404833055	10.339885326806453	2.0
	69.5126944444445	31.3733888888889	4.4	100.0	2000.0	31.0	1199.0	21.941104404833055	10.339885326806453	2.0
	69.5126944444445	31.3733888888889	4.7	100.0	2005.0	31.0	1199.0	21.941104404833055	10.339885326806453	2.0
	69.5126944444445	31.3733888888889	7.0	100.0	2009.0	31.0	1199.0	21.941104404833055	10.339885326806453	2.0
	69.5126944444445	31.3733888888889	6.4	100.0	2010.0	31.0	1199.0	21.941104404833055	10.339885326806453	2.0
	69.5126944444445	31.3733888888889	5.88	100.0	2014.0	31.0	1199.0	21.941104404833055	10.339885326806453	2.0
	69.5126944444445	31.3733888888889	5.41215749583724	100.0	2018.0	31.0	1199.0	21.941104404833055	10.339885326806453	2.0
	69.6272777777778	31.24975	6.0	100.0	1990.0	32.0	1196.0	16.65136279885787	21.467558313444002	0.0
	69.6272777777778	31.24975	9.0	100.0	1992.0	32.0	1196.0	16.65136279885787	21.467558313444002	0.0
	69.6272777777778	31.24975	9.9	100.0	1995.0	32.0	1196.0	16.65136279885787	21.467558313444002	0.0
	69.6272777777778	31.24975	5.5	100.0	2000.0	32.0	1196.0	16.65136279885787	21.467558313444002	0.0
	69.6272777777778	31.24975	7.3	100.0	2004.0	32.0	1196.0	16.65136279885787	21.467558313444002	0.0
	69.6272777777778	31.24975	7.3	10.0	2004.0	32.0	1196.0	16.65136279885787	21.467558313444002	0.0
	69.6272777777778	31.24975	10.0	100.0	2010.0	32.0	1196.0	16.65136279885787	21.467558313444002	0.0
	69.6272777777778	31.24975	8.64	100.0	2014.0	32.0	1196.0	16.65136279885787	21.467558313444002	0.0
	69.6272777777778	31.24975	7.8887442960177	100.0	2018.0	32.0	1196.0	16.65136279885787	21.467558313444002	0.0
	69.4966944444444	31.0430833333333	52.0	100.0	1995.0	33.0	1195.0	8.273464231019663	6.530179671751313	4.0
	69.4966944444444	31.0430833333333	60.0	100.0	2000.0	33.0	1195.0	8.273464231019663	6.530179671751313	4.0
	69.4966944444444	31.0430833333333	54.0	100.0	2005.0	33.0	1195.0	8.273464231019663	6.530179671751313	4.0
	69.4966944444444	31.0430833333333	74.0	100.0	2009.0	33.0	1195.0	8.273464231019663	6.530179671751313	4.0
	69.4966944444444	31.0430833333333	78.9	100.0	2014.0	33.0	1195.0	8.273464231019663	6.530179671751313	4.0
	69.4966944444444	31.0430833333333	63.3117635431207	100.0	2018.0	33.0	1195.0	8.273464231019663	6.530179671751313	4.0
	69.4613333333333	30.9918055555556	65.0	100.0	1995.0	34.0	1194.0	6.979338438350312	2.802676494696499	8.0
	69.4613333333333	30.9918055555556	31.0	100.0	2000.0	34.0	1194.0	6.979338438350312	2.802676494696499	8.0
	69.4613333333333	30.9918055555556	54.0	100.0	2005.0	34.0	1194.0	6.979338438350312	2.802676494696499	8.0
	69.4613333333333	30.9918055555556	63.0	100.0	2009.0	34.0	1194.0	6.979338438350312	2.802676494696499	8.0
	69.4613333333333	30.9918055555556	72.2	100.0	2014.0	34.0	1194.0	6.979338438350312	2.802676494696499	8.0
	69.4613333333333	30.9918055555556	64.5657861235674	100.0	2018.0	34.0	1194.0	6.979338438350312	2.802676494696499	8.0
	69.4461111111111	30.7213611111111	57.0	100.0	1995.0	36.0	920.0	-4.133304302429754	0.9343992766392972	10.0
	69.4461111111111	30.7213611111111	56.0	100.0	2005.0	36.0	920.0	-4.133304302429754	0.9343992766392972	10.0
	69.4461111111111	30.7213611111111	96.0	100.0	2009.0	36.0	920.0	-4.133304302429754	0.9343992766392972	10.0
	69.4461111111111	30.7213611111111	92.8950537255115	100.0	2018.0	36.0	920.0	-4.133304302429754	0.9343992766392972	10.0
	69.4612722222222	30.7747611111111	30.4	100.0	2003.0	37.0	-37.0	-1.851256484932157	4.0523603171415346	199.0
	69.4612722222222	30.7747611111111	28.0	100.0	2003.0	37.0	-37.0	-1.851256484932157	4.0523603171415346	199.0
	69.4612722222222	30.7747611111111	30.4	100.0	2004.0	37.0	-37.0	-1.851256484932157	4.0523603171415346	199.0
	69.4612722222222	30.7747611111111	28.7	100.0	2005.0	37.0	-37.0	-1.851256484932157	4.0523603171415346	199.0
	69.4612722222222	30.7747611111111	34.0	100.0	2005.0	37.0	-37.0	-1.851256484932157	4.0523603171415346	199.0
	69.4612722222222	30.7747611111111	51.0	100.0	2007.0	37.0	-37.0	-1.851256484932157	4.0523603171415346	199.0
	69.4612722222222	30.7747611111111	60.0	100.0	2007.0	37.0	-37.0	-1.851256484932157	4.0523603171415346	199.0
	69.4612722222222	30.7747611111111	58.0	100.0	2008.0	37.0	-37.0	-1.851256484932157	4.0523603171415346	199.0
	69.4612722222222	30.7747611111111	58.0	100.0	2009.0	37.0	-37.0	-1.851256484932157	4.0523603171415346	199.0
	69.4612722222222	30.7747611111111	68.0	100.0	2009.0	37.0	-37.0	-1.851256484932157	4.0523603171415346	199.0
	69.4612722222222	30.7747611111111	49.0	100.0	2010.0	37.0	-37.0	-1.851256484932157	4.0523603171415346	199.0
	69.4612722222222	30.7747611111111	47.2	100.0	2011.0	37.0	-37.0	-1.851256484932157	4.0523603171415346	199.0
	69.4612722222222	30.7747611111111	51.0	100.0	2012.0	37.0	-37.0	-1.851256484932157	4.0523603171415346	199.0
	69.4612722222222	30.7747611111111	48.0	100.0	2013.0	37.0	-37.0	-1.851256484932157	4.0523603171415346	199.0
	69.4612722222222	30.7747611111111	45.2	100.0	2014.0	37.0	-37.0	-1.851256484932157	4.0523603171415346	199.0
	69.4612722222222	30.7747611111111	34.0	100.0	2014.0	37.0	-37.0	-1.851256484932157	4.0523603171415346	199.0
	69.4612722222222	30.7747611111111	52.0	100.0	2015.0	37.0	-37.0	-1.851256484932157	4.0523603171415346	199.0
	69.4612722222222	30.7747611111111	47.1332713919897	100.0	2018.0	37.0	-37.0	-1.851256484932157	4.0523603171415346	199.0
	69.4503	30.6568138888889	33.0	100.0	1995.0	38.0	1173.0	-6.476819829161038	2.834777963540702	9.0
	69.515	30.4662777777778	16.2	100.0	1989.0	39.0	1175.0	-14.54067232632989	10.283453321776292	3.0
	69.515	30.4662777777778	18.3	100.0	1995.0	39.0	1175.0	-14.54067232632989	10.283453321776292	3.0
	69.515	30.4662777777778	13.0	100.0	2000.0	39.0	1175.0	-14.54067232632989	10.283453321776292	3.0
	69.515	30.4662777777778	18.5	100.0	2003.0	39.0	1175.0	-14.54067232632989	10.283453321776292	3.0
	69.515	30.4662777777778	21.0	100.0	2003.0	39.0	1175.0	-14.54067232632989	10.283453321776292	3.0
	69.515	30.4662777777778	27.8	100.0	2004.0	39.0	1175.0	-14.54067232632989	10.283453321776292	3.0
	69.515	30.4662777777778	27.4	99.0	2005.0	39.0	1175.0	-14.54067232632989	10.283453321776292	3.0
	69.515	30.4662777777778	22.5	100.0	2005.0	39.0	1175.0	-14.54067232632989	10.283453321776292	3.0
	69.515	30.4662777777778	27.0	100.0	2007.0	39.0	1175.0	-14.54067232632989	10.283453321776292	3.0
	69.515	30.4662777777778	33.0	100.0	2007.0	39.0	1175.0	-14.54067232632989	10.283453321776292	3.0
	69.515	30.4662777777778	40.0	100.0	2008.0	39.0	1175.0	-14.54067232632989	10.283453321776292	3.0
	69.515	30.4662777777778	34.0	100.0	2009.0	39.0	1175.0	-14.54067232632989	10.283453321776292	3.0
	69.515	30.4662777777778	39.0	99.0	2009.0	39.0	1175.0	-14.54067232632989	10.283453321776292	3.0
	69.515	30.4662777777778	35.0	100.0	2010.0	39.0	1175.0	-14.54067232632989	10.283453321776292	3.0
	69.515	30.4662777777778	35.0	100.0	2011.0	39.0	1175.0	-14.54067232632989	10.283453321776292	3.0
	69.515	30.4662777777778	31.0	100.0	2012.0	39.0	1175.0	-14.54067232632989	10.283453321776292	3.0
	69.515	30.4662777777778	27.0	100.0	2013.0	39.0	1175.0	-14.54067232632989	10.283453321776292	3.0
	69.515	30.4662777777778	35.6	99.0	2014.0	39.0	1175.0	-14.54067232632989	10.283453321776292	3.0
	69.5150805555556	30.4660083333333	28.0	100.0	2014.0	39.0	1175.0	-14.54067232632989	10.283453321776292	3.0
	69.515	30.4662777777778	37.0	100.0	2015.0	39.0	1175.0	-14.54067232632989	10.283453321776292	3.0
	69.515	30.4662777777778	39.250007885634	100.0	2018.0	39.0	1175.0	-14.54067232632989	10.283453321776292	3.0
	69.5204194444444	30.3776	31.3	100.0	2014.0	40.0	2072.0	-17.36753323497959	10.721506767308853	183.0
	69.5204194444444	30.3776	37.2030192285751	100.0	2018.0	40.0	2072.0	-17.36753323497959	10.721506767308853	183.0
	69.4359333333333	30.1257777777778	72.4	10.0	1989.0	41.0	757.0	-27.31595964624574	1.3766438292908134	200.0
	69.4359333333333	30.1257777777778	64.9	10.0	1990.0	41.0	757.0	-27.31595964624574	1.3766438292908134	200.0
	69.4359333333333	30.1257777777778	55.0	10.0	1993.0	41.0	757.0	-27.31595964624574	1.3766438292908134	200.0
	69.4359333333333	30.1257777777778	61.0	10.0	1993.0	41.0	757.0	-27.31595964624574	1.3766438292908134	200.0
	69.4359333333333	30.1257777777778	64.0	10.0	1993.0	41.0	757.0	-27.31595964624574	1.3766438292908134	200.0
	69.4359333333333	30.1257777777778	82.0	10.0	1994.0	41.0	757.0	-27.31595964624574	1.3766438292908134	200.0
	69.4359333333333	30.1257777777778	75.5	10.0	1994.0	41.0	757.0	-27.31595964624574	1.3766438292908134	200.0
	69.4359333333333	30.1257777777778	71.0	99.0	1995.0	41.0	757.0	-27.31595964624574	1.3766438292908134	200.0
	69.4359333333333	30.1257777777778	68.0	100.0	1995.0	41.0	906.0	-27.022803443002324	1.0828853648575887	11.0
	69.4359333333333	30.1257777777778	87.0	100.0	1997.0	41.0	906.0	-27.022803443002324	1.0828853648575887	11.0
	69.4359333333333	30.1257777777778	88.0	100.0	1998.0	41.0	906.0	-27.022803443002324	1.0828853648575887	11.0
	69.4359333333333	30.1257777777778	87.0	100.0	1998.0	41.0	906.0	-27.022803443002324	1.0828853648575887	11.0
	69.4359333333333	30.1257777777778	100.0	100.0	2000.0	41.0	906.0	-27.022803443002324	1.0828853648575887	11.0
	69.4359333333333	30.1257777777778	77.0	100.0	2003.0	41.0	906.0	-27.022803443002324	1.0828853648575887	11.0
	69.4359333333333	30.1257777777778	93.0	100.0	2003.0	41.0	906.0	-27.022803443002324	1.0828853648575887	11.0
	69.4359333333333	30.1257777777778	121.0	100.0	2004.0	41.0	906.0	-27.022803443002324	1.0828853648575887	11.0
	69.4359333333333	30.1257777777778	85.0	100.0	2005.0	41.0	906.0	-27.022803443002324	1.0828853648575887	11.0
	69.4359333333333	30.1257777777778	84.0	99.0	2005.0	41.0	906.0	-27.022803443002324	1.0828853648575887	11.0
	69.4359333333333	30.1257777777778	122.0	100.0	2007.0	41.0	906.0	-27.022803443002324	1.0828853648575887	11.0
	69.4359333333333	30.1257777777778	115.0	100.0	2007.0	41.0	906.0	-27.022803443002324	1.0828853648575887	11.0
	69.4359333333333	30.1257777777778	127.0	100.0	2008.0	41.0	906.0	-27.022803443002324	1.0828853648575887	11.0
	69.4359333333333	30.1257777777778	130.0	99.0	2009.0	41.0	906.0	-27.022803443002324	1.0828853648575887	11.0
	69.4359333333333	30.1257777777778	136.0	100.0	2009.0	41.0	906.0	-27.022803443002324	1.0828853648575887	11.0
	69.4359333333333	30.1257777777778	130.0	100.0	2010.0	41.0	906.0	-27.022803443002324	1.0828853648575887	11.0
	69.4359333333333	30.1257777777778	108.5	100.0	2011.0	41.0	906.0	-27.022803443002324	1.0828853648575887	11.0
	69.4359333333333	30.1257777777778	108.0	100.0	2012.0	41.0	906.0	-27.022803443002324	1.0828853648575887	11.0
	69.4359333333333	30.1257777777778	115.0	100.0	2013.0	41.0	906.0	-27.022803443002324	1.0828853648575887	11.0
	69.4359333333333	30.1257777777778	101.0	100.0	2014.0	41.0	906.0	-27.022803443002324	1.0828853648575887	11.0
	69.4359333333333	30.1257777777778	141.0	99.0	2014.0	41.0	906.0	-27.022803443002324	1.0828853648575887	11.0
	69.4359333333333	30.1257777777778	128.0	100.0	2015.0	41.0	906.0	-27.022803443002324	1.0828853648575887	11.0
	69.4359333333333	30.1257777777778	147.309252387285	100.0	2018.0	41.0	906.0	-27.022803443002324	1.0828853648575887	11.0
	69.3871666666667	30.0611944444444	19.5	100.0	2014.0	42.0	1178.0	-29.68456297415268	-2.609338460363375	12.0
	69.3871666666667	30.0611944444444	32.3144524442309	100.0	2018.0	42.0	1178.0	-29.68456297415268	-2.609338460363375	12.0
	69.2421666666667	30.00525	3.7	100.0	1989.0	43.0	881.0	-33.82230353838826	-17.449623467690856	13.0
	69.2421666666667	30.00525	11.0	100.0	1992.0	43.0	881.0	-33.82230353838826	-17.449623467690856	13.0
	69.2421666666667	30.00525	6.5	100.0	1995.0	43.0	881.0	-33.82230353838826	-17.449623467690856	13.0
	69.2421666666667	30.00525	4.8	100.0	2000.0	43.0	881.0	-33.82230353838826	-17.449623467690856	13.0
	69.2421666666667	30.00525	6.0	100.0	2003.0	43.0	881.0	-33.82230353838826	-17.449623467690856	13.0
	69.2421666666667	30.00525	5.7	100.0	2004.0	43.0	881.0	-33.82230353838826	-17.449623467690856	13.0
	69.2421666666667	30.00525	4.7	99.0	2005.0	43.0	881.0	-33.82230353838826	-17.449623467690856	13.0
	69.2421666666667	30.00525	8.6	10.0	2005.0	43.0	881.0	-33.82230353838826	-17.449623467690856	13.0
	69.2421666666667	30.00525	6.4	100.0	2005.0	43.0	881.0	-33.82230353838826	-17.449623467690856	13.0
	69.2421666666667	30.00525	9.2	100.0	2007.0	43.0	881.0	-33.82230353838826	-17.449623467690856	13.0
	69.2421666666667	30.00525	9.3	10.0	2007.0	43.0	881.0	-33.82230353838826	-17.449623467690856	13.0
	69.2421666666667	30.00525	10.3	100.0	2008.0	43.0	881.0	-33.82230353838826	-17.449623467690856	13.0
	69.2421666666667	30.00525	10.1	10.0	2008.0	43.0	881.0	-33.82230353838826	-17.449623467690856	13.0
	69.2421666666667	30.00525	10.0	99.0	2009.0	43.0	881.0	-33.82230353838826	-17.449623467690856	13.0
	69.2421666666667	30.00525	9.6	100.0	2009.0	43.0	881.0	-33.82230353838826	-17.449623467690856	13.0
	69.2421666666667	30.00525	10.8	10.0	2009.0	43.0	881.0	-33.82230353838826	-17.449623467690856	13.0
	69.2421666666667	30.00525	8.7	100.0	2010.0	43.0	881.0	-33.82230353838826	-17.449623467690856	13.0
	69.2421666666667	30.00525	9.3	10.0	2010.0	43.0	881.0	-33.82230353838826	-17.449623467690856	13.0
	69.2421666666667	30.00525	8.5	100.0	2011.0	43.0	881.0	-33.82230353838826	-17.449623467690856	13.0
	69.2421666666667	30.00525	9.1	10.0	2011.0	43.0	881.0	-33.82230353838826	-17.449623467690856	13.0
	69.2421666666667	30.00525	9.3	100.0	2012.0	43.0	881.0	-33.82230353838826	-17.449623467690856	13.0
	69.2421666666667	30.00525	9.1	10.0	2012.0	43.0	881.0	-33.82230353838826	-17.449623467690856	13.0
	69.2421666666667	30.00525	8.6	100.0	2013.0	43.0	881.0	-33.82230353838826	-17.449623467690856	13.0
	69.2421666666667	30.00525	8.5	10.0	2013.0	43.0	881.0	-33.82230353838826	-17.449623467690856	13.0
	69.2421666666667	30.00525	7.7	100.0	2013.0	43.0	881.0	-33.82230353838826	-17.449623467690856	13.0
	69.2421666666667	30.00525	8.7	10.0	2013.0	43.0	881.0	-33.82230353838826	-17.449623467690856	13.0
	69.2421666666667	30.00525	5.86	100.0	2014.0	43.0	881.0	-33.82230353838826	-17.449623467690856	13.0
	69.2421666666667	30.00525	5.96	10.0	2014.0	43.0	881.0	-33.82230353838826	-17.449623467690856	13.0
	69.2421666666667	30.00525	8.56	99.0	2014.0	43.0	881.0	-33.82230353838826	-17.449623467690856	13.0
	69.2421666666667	30.00525	8.1	100.0	2015.0	43.0	881.0	-33.82230353838826	-17.449623467690856	13.0
	69.2421666666667	30.00525	9.6	10.0	2015.0	43.0	881.0	-33.82230353838826	-17.449623467690856	13.0
	69.2421666666667	30.00525	13.6524866098403	100.0	2018.0	43.0	881.0	-33.82230353838826	-17.449623467690856	13.0
	69.3381166666667	30.0390666666667	7.5119126671526	100.0	2018.0	44.0	-44.0	-30.857571763179394	-9.50757223365244	201.0
	69.1664444444445	30.1864722222222	3.8	100.0	1995.0	45.0	1181.0	-25.371511515079824	-28.723624990648133	15.0
	69.1664444444445	30.1864722222222	3.1	100.0	2000.0	45.0	1181.0	-25.371511515079824	-28.723624990648133	15.0
	69.1664444444445	30.1864722222222	3.4	100.0	2003.0	45.0	1181.0	-25.371511515079824	-28.723624990648133	15.0
	69.1664444444445	30.1864722222222	3.6	100.0	2004.0	45.0	1181.0	-25.371511515079824	-28.723624990648133	15.0
	69.1664444444445	30.1864722222222	4.2	100.0	2005.0	45.0	1181.0	-25.371511515079824	-28.723624990648133	15.0
	69.1664444444445	30.1864722222222	6.7	100.0	2009.0	45.0	1181.0	-25.371511515079824	-28.723624990648133	15.0
	69.1664444444445	30.1864722222222	7.9	100.0	2010.0	45.0	1181.0	-25.371511515079824	-28.723624990648133	15.0
	69.1664444444445	30.1864722222222	9.39	100.0	2014.0	45.0	1181.0	-25.371511515079824	-28.723624990648133	15.0
	69.1664444444445	30.1864722222222	4.81614078563887	100.0	2018.0	45.0	1181.0	-25.371511515079824	-28.723624990648133	15.0
	69.0739166666667	30.1516666666667	2.6	99.0	1995.0	46.0	1183.0	-27.48314312493277	-39.871323394191194	18.0
	69.0739166666667	30.1516666666667	11.2592429125522	99.0	2018.0	46.0	1183.0	-27.48314312493277	-39.871323394191194	18.0
	69.0694361111111	30.1878805555556	3.1	100.0	1995.0	47.0	1184.0	-25.48784107187631	-39.892962040973856	17.0
	69.0694361111111	30.1878805555556	2.4	100.0	2000.0	47.0	1184.0	-25.48784107187631	-39.892962040973856	17.0
	69.0694361111111	30.1878805555556	4.5	100.0	2005.0	47.0	1184.0	-25.48784107187631	-39.892962040973856	17.0
	69.0694361111111	30.1878805555556	4.0	100.0	2009.0	47.0	1184.0	-25.48784107187631	-39.892962040973856	17.0
	69.0694361111111	30.1878805555556	5.08	100.0	2014.0	47.0	1184.0	-25.48784107187631	-39.892962040973856	17.0
	69.0694361111111	30.1878805555556	2.65092329659896	100.0	2018.0	47.0	1184.0	-25.48784107187631	-39.892962040973856	17.0
	69.0734722222222	30.1919722222222	4.1	100.0	2005.0	48.0	-48.0	-25.1352878432263	-39.136402479892496	202.0
	69.0734722222222	30.1919722222222	8.0	100.0	2009.0	48.0	-48.0	-25.1352878432263	-39.136402479892496	202.0
	69.0078305555556	30.2135138888889	3.6	90.0	2002.0	49.0	1191.0	-22.89682780776202	-47.36551706418588	21.0
	69.0078305555556	30.2135138888889	7.3	90.0	2003.0	49.0	1191.0	-22.89682780776202	-47.36551706418588	21.0
	69.0078305555556	30.2135138888889	4.9	90.0	2005.0	49.0	1191.0	-22.89682780776202	-47.36551706418588	21.0
	69.0078305555556	30.2135138888889	5.5	90.0	2008.0	49.0	1191.0	-22.89682780776202	-47.36551706418588	21.0
	69.0078305555556	30.2135138888889	4.1	90.0	2009.0	49.0	1191.0	-22.89682780776202	-47.36551706418588	21.0
	69.0078305555556	30.2135138888889	4.1	90.0	2009.0	49.0	1191.0	-22.89682780776202	-47.36551706418588	21.0
	69.0078305555556	30.2135138888889	9.7	90.0	2010.0	49.0	1191.0	-22.89682780776202	-47.36551706418588	21.0
	69.0078305555556	30.2135138888889	7.7	90.0	2012.0	49.0	1191.0	-22.89682780776202	-47.36551706418588	21.0
	69.0078305555556	30.2135138888889	6.0	90.0	2013.0	49.0	1191.0	-22.89682780776202	-47.36551706418588	21.0
	69.0078305555556	30.2135138888889	7.2	90.0	2014.0	49.0	1191.0	-22.89682780776202	-47.36551706418588	21.0
	69.0078305555556	30.2135138888889	6.84	90.0	2014.0	49.0	1191.0	-22.89682780776202	-47.36551706418588	21.0
	69.0078305555556	30.2135138888889	7.6	90.0	2015.0	49.0	1191.0	-22.89682780776202	-47.36551706418588	21.0
	69.0078305555556	30.2135138888889	7.54683908661613	90.0	2018.0	49.0	1191.0	-22.89682780776202	-47.36551706418588	21.0
	69.03775	30.3886111111111	4.4	90.0	1995.0	53.0	1189.0	-17.533075965662242	-43.686408643858954	19.0
	69.03775	30.3886111111111	2.3	90.0	2000.0	53.0	1189.0	-17.533075965662242	-43.686408643858954	19.0
	68.9267777777778	30.4755277777778	1.2	100.0	1995.0	54.0	868.0	-12.928681003220962	-54.885007692833554	24.0
	68.9267777777778	30.4755277777778	1.0	100.0	2000.0	54.0	868.0	-12.928681003220962	-54.885007692833554	24.0
	68.9267777777778	30.4755277777778	1.2	100.0	2005.0	54.0	868.0	-12.928681003220962	-54.885007692833554	24.0
	68.9267777777778	30.4755277777778	1.3	100.0	2009.0	54.0	868.0	-12.928681003220962	-54.885007692833554	24.0
	68.9267777777778	30.4755277777778	1.17	100.0	2014.0	54.0	868.0	-12.928681003220962	-54.885007692833554	24.0
	68.9267777777778	30.4755277777778	1.14	100.0	2018.0	54.0	868.0	-12.928681003220962	-54.885007692833554	24.0
	68.7411694444445	30.4796916666667	0.2	100.0	2005.0	55.0	-55.0	-13.86366588903817	-76.34402070944688	203.0
	68.7411694444445	30.4796916666667	0.59	100.0	2014.0	55.0	-55.0	-13.86366588903817	-76.34402070944688	203.0
	68.7411694444445	30.4796916666667	0.5	100.0	2018.0	55.0	-55.0	-13.86366588903817	-76.34402070944688	203.0
	68.5396111111111	29.2542777777778	0.1	99.0	1995.0	56.0	838.0	-62.89022511875575	-98.8054676967451	38.0
	68.5396111111111	29.2542777777778	0.9	99.0	2000.0	56.0	838.0	-62.89022511875575	-98.8054676967451	38.0
	68.5396111111111	29.2542777777778	0.6	99.0	2009.0	56.0	838.0	-62.89022511875575	-98.8054676967451	38.0
	68.5551944444444	29.2316444444444	0.7	100.0	2005.0	57.0	838.0	-62.89022511875575	-98.8054676967451	38.0
	68.5551944444444	29.2316444444444	0.59	100.0	2014.0	57.0	838.0	-62.89022511875575	-98.8054676967451	38.0
	68.5628888888889	29.1306388888889	0.1	100.0	1995.0	58.0	837.0	-68.91738564749406	-94.92228642438434	37.0
	68.5628888888889	29.1306388888889	0.7	100.0	2000.0	58.0	837.0	-68.91738564749406	-94.92228642438434	37.0
	68.5628888888889	29.1306388888889	1.1	99.0	2005.0	58.0	837.0	-68.91738564749406	-94.92228642438434	37.0
	68.5628888888889	29.1306388888889	0.7	100.0	2005.0	58.0	837.0	-68.91738564749406	-94.92228642438434	37.0
	68.5628888888889	29.1306388888889	0.5	100.0	2009.0	58.0	837.0	-68.91738564749406	-94.92228642438434	37.0
	68.5628888888889	29.1306388888889	0.79	100.0	2014.0	58.0	837.0	-68.91738564749406	-94.92228642438434	37.0
	68.5311666666667	28.8229722222222	0.1	99.0	1995.0	58.0	836.0	-82.01812363218653	-100.11367013078569	39.0
	68.5311666666667	28.8229722222222	0.2	99.0	2000.0	58.0	836.0	-82.01812363218653	-100.11367013078569	39.0
	68.5311666666667	28.8229722222222	0.2	99.0	2005.0	58.0	836.0	-82.01812363218653	-100.11367013078569	39.0
	68.5311666666667	28.8229722222222	0.4	99.0	2009.0	58.0	836.0	-82.01812363218653	-100.11367013078569	39.0
	68.5327638888889	28.79645	0.35	100.0	2014.0	58.0	836.0	-82.01812363218653	-100.11367013078569	39.0
	68.72975	30.5595	0.3	100.0	1995.0	59.0	833.0	-10.352526506836071	-79.09798115036182	36.0
	68.72975	30.5595	0.8	100.0	2000.0	59.0	833.0	-10.352526506836071	-79.09798115036182	36.0
	68.72975	30.5595	1.0	100.0	2005.0	59.0	833.0	-10.352526506836071	-79.09798115036182	36.0
	68.72975	30.5595	1.1	100.0	2009.0	59.0	833.0	-10.352526506836071	-79.09798115036182	36.0
	68.72975	30.5595	1.17	100.0	2014.0	59.0	833.0	-10.352526506836071	-79.09798115036182	36.0
	68.72975	30.5595	0.95	100.0	2018.0	59.0	833.0	-10.352526506836071	-79.09798115036182	36.0
	68.721	30.6835277777778	0.7	99.0	1995.0	60.0	841.0	-5.622272946907699	-79.11320780081823	35.0
	68.721	30.6835277777778	0.7	99.0	2000.0	60.0	841.0	-5.622272946907699	-79.11320780081823	35.0
	68.7211055555556	30.6846833333333	1.0	99.0	2005.0	60.0	841.0	-5.622272946907699	-79.11320780081823	35.0
	68.7211055555556	30.6846833333333	0.9	100.0	2009.0	61.0	841.0	-5.622272946907699	-79.11320780081823	35.0
	68.7211055555556	30.6846833333333	0.73	100.0	2014.0	61.0	841.0	-5.622272946907699	-79.11320780081823	35.0
	68.7211055555556	30.6846833333333	0.94	100.0	2018.0	61.0	841.0	-5.622272946907699	-79.11320780081823	35.0
	68.7196277777778	30.6712944444444	1.135	100.0	2018.0	62.0	841.0	-5.622272946907699	-79.11320780081823	35.0
	68.7426111111111	31.1895	0.1	100.0	1995.0	63.0	828.0	14.628380941850875	-75.35329510947619	34.0
	68.7426111111111	31.1895	0.9	100.0	2000.0	63.0	828.0	14.628380941850875	-75.35329510947619	34.0
	68.7426111111111	31.1895	1.2	100.0	2005.0	63.0	828.0	14.628380941850875	-75.35329510947619	34.0
	68.7426111111111	31.1895	1.2	100.0	2009.0	63.0	828.0	14.628380941850875	-75.35329510947619	34.0
	68.7426111111111	31.1895	1.24	100.0	2014.0	63.0	828.0	14.628380941850875	-75.35329510947619	34.0
	68.7426111111111	31.1895	1.23	100.0	2018.0	63.0	828.0	14.628380941850875	-75.35329510947619	34.0
	68.6733055555556	31.4504583333333	nan	100.0	1990.0	64.0	-64.0	25.530001236052254	-83.83158145300094	204.0
	68.6733055555556	31.4504583333333	1.0	100.0	2005.0	64.0	-64.0	25.530001236052254	-83.83158145300094	204.0
	68.6733055555556	31.4504583333333	1.45	100.0	2014.0	64.0	-64.0	25.530001236052254	-83.83158145300094	204.0
	68.6733055555556	31.4504583333333	0.833	100.0	2018.0	64.0	-64.0	25.530001236052254	-83.83158145300094	204.0
	67.5714166666667	31.8747638888889	1.0	100.0	1989.0	65.0	1213.0	45.94816450880734	-207.13674412109776	60.0
	67.5714166666667	31.8747638888889	1.0	100.0	1995.0	65.0	1213.0	45.94816450880734	-207.13674412109776	60.0
	67.5714166666667	31.8747638888889	0.7	100.0	2000.0	65.0	1213.0	45.94816450880734	-207.13674412109776	60.0
	67.5714166666667	31.8747638888889	1.0	100.0	2005.0	65.0	1213.0	45.94816450880734	-207.13674412109776	60.0
	67.5714166666667	31.8747638888889	1.1	100.0	2009.0	65.0	1213.0	45.94816450880734	-207.13674412109776	60.0
	67.5714166666667	31.8747638888889	0.887780631232218	100.0	2014.0	65.0	1213.0	45.94816450880734	-207.13674412109776	60.0
	67.5714166666667	31.8747638888889	0.7	100.0	2018.0	65.0	1213.0	45.94816450880734	-207.13674412109776	60.0
	67.5578416666667	31.8810444444444	0.7	100.0	1995.0	66.0	1214.0	45.980536903413594	-208.99715560000197	62.0
	67.5578416666667	31.8810444444444	0.5	100.0	2000.0	66.0	1214.0	45.980536903413594	-208.99715560000197	62.0
	67.5578416666667	31.8810444444444	1.0	100.0	2005.0	66.0	1214.0	45.980536903413594	-208.99715560000197	62.0
	67.5578416666667	31.8810444444444	0.7	100.0	2009.0	66.0	1214.0	45.980536903413594	-208.99715560000197	62.0
	67.5578416666667	31.8810444444444	0.654785535824866	100.0	2014.0	66.0	1214.0	45.980536903413594	-208.99715560000197	62.0
	67.5578416666667	31.8810444444444	0.662	100.0	2018.0	66.0	1214.0	45.980536903413594	-208.99715560000197	62.0
	67.5496555555556	31.8423805555555	0.264	100.0	2018.0	68.0	-68.0	43.523762917378065	-209.07773845942648	205.0
	67.5268222222222	31.7982555555556	0.7	100.0	1995.0	69.0	1215.0	41.74498258578559	-210.92924760168438	64.0
	67.5268222222222	31.7982555555556	0.5	100.0	2000.0	69.0	1215.0	41.74498258578559	-210.92924760168438	64.0
	67.5268222222222	31.7982555555556	0.9	100.0	2005.0	69.0	1215.0	41.74498258578559	-210.92924760168438	64.0
	67.5268222222222	31.7982555555556	0.236448116946013	100.0	2014.0	69.0	1215.0	41.74498258578559	-210.92924760168438	64.0
	67.5268222222222	31.7982555555556	0.887	100.0	2018.0	69.0	1215.0	41.74498258578559	-210.92924760168438	64.0
	67.53	31.8166666666667	1.4	100.0	2009.0	70.0	-70.0	42.462285119335455	-211.28986728944204	206.0
	67.4996111111111	31.8474722222222	5.0	0.0	1988.0	71.0	-71.0	43.8333670885163	-214.66027723950594	207.0
	67.4996111111111	31.8474722222222	1.0	0.0	1988.0	71.0	-71.0	43.8333670885163	-214.66027723950594	207.0
	67.4996111111111	31.8474722222222	3.0	0.0	1989.0	71.0	-71.0	43.8333670885163	-214.66027723950594	207.0
	67.4996111111111	31.8474722222222	3.0	0.0	1989.0	71.0	-71.0	43.8333670885163	-214.66027723950594	207.0
	67.4996111111111	31.8474722222222	5.0	0.0	1990.0	71.0	-71.0	43.8333670885163	-214.66027723950594	207.0
	67.4996111111111	31.8474722222222	1.0	0.0	2003.0	71.0	-71.0	43.8333670885163	-214.66027723950594	207.0
	67.4996111111111	31.8474722222222	0.204	0.0	2018.0	71.0	-71.0	43.8333670885163	-214.66027723950594	207.0
	67.4713638888889	31.9223055555556	1.1	100.0	1995.0	72.0	1216.0	47.56895272286819	-218.27342387110988	72.0
	67.4713638888889	31.9223055555556	0.5	99.0	2000.0	72.0	1216.0	47.56895272286819	-218.27342387110988	72.0
	67.4713638888889	31.9223055555556	0.88	99.0	2014.0	72.0	1216.0	47.56895272286819	-218.27342387110988	72.0
	67.4713638888889	31.9223055555556	0.8	100.0	2018.0	72.0	-72.0	47.08767721931277	-217.75765759777173	208.0
	67.6769138888889	31.5542166666667	1.2	100.0	2005.0	73.0	-73.0	31.06512899950119	-195.04696005784155	209.0
	67.6769138888889	31.5542166666667	1.0	100.0	2009.0	73.0	-73.0	31.06512899950119	-195.04696005784155	209.0
	67.6769138888889	31.5542166666667	1.06126279303884	100.0	2014.0	73.0	-73.0	31.06512899950119	-195.04696005784155	209.0
	67.6769138888889	31.5542166666667	0.805	100.0	2018.0	73.0	-73.0	31.06512899950119	-195.04696005784155	209.0
	67.6868944444445	31.5353555555556	2.1	100.0	1995.0	74.0	1218.0	30.87781364139221	-194.3324180827254	52.0
	67.6868944444445	31.5353555555556	0.4	100.0	2000.0	74.0	1218.0	30.87781364139221	-194.3324180827254	52.0
	67.6868944444445	31.5353555555556	0.787	100.0	2018.0	74.0	1218.0	30.87781364139221	-194.3324180827254	52.0
	67.6010055555556	31.5754277777778	0.8	100.0	1995.0	75.0	1219.0	32.40593787291907	-203.6184168259478	57.0
	67.6010055555556	31.5754277777778	0.2	100.0	2000.0	75.0	1219.0	32.40593787291907	-203.6184168259478	57.0
	67.6010055555556	31.5754277777778	0.7	100.0	2005.0	75.0	1219.0	32.40593787291907	-203.6184168259478	57.0
	67.6010055555556	31.5754277777778	0.4	100.0	2009.0	75.0	1219.0	32.40593787291907	-203.6184168259478	57.0
	67.6010055555556	31.5754277777778	0.487451123416488	100.0	2014.0	75.0	1219.0	32.40593787291907	-203.6184168259478	57.0
	67.6010055555556	31.5754277777778	0.217	100.0	2018.0	75.0	1219.0	32.40593787291907	-203.6184168259478	57.0
	67.5947333333333	31.4350194444444	1.1	100.0	1995.0	77.0	1221.0	26.03986585343401	-205.55065953483762	58.0
	67.5947333333333	31.4350194444444	0.7	100.0	2000.0	77.0	1221.0	26.03986585343401	-205.55065953483762	58.0
	67.5947333333333	31.4350194444444	0.7	100.0	2005.0	77.0	1221.0	26.03986585343401	-205.55065953483762	58.0
	67.5947333333333	31.4350194444444	0.8	100.0	2009.0	77.0	1221.0	26.03986585343401	-205.55065953483762	58.0
	67.5947333333333	31.4350194444444	0.601548100511728	100.0	2014.0	77.0	1221.0	26.03986585343401	-205.55065953483762	58.0
	67.5947333333333	31.4350194444444	0.482	100.0	2018.0	77.0	1221.0	26.03986585343401	-205.55065953483762	58.0
	67.6352861111111	31.127775	0.2	100.0	1995.0	78.0	1222.0	13.2334324100668	-200.0648124730265	55.0
	67.6352861111111	31.127775	0.3	100.0	2000.0	78.0	1222.0	13.2334324100668	-200.0648124730265	55.0
	67.6352861111111	31.127775	0.4	100.0	2005.0	78.0	1222.0	13.2334324100668	-200.0648124730265	55.0
	67.6352861111111	31.127775	0.3	100.0	2009.0	78.0	1222.0	13.2334324100668	-200.0648124730265	55.0
	67.6352861111111	31.127775	0.3508729720869	100.0	2014.0	78.0	1222.0	13.2334324100668	-200.0648124730265	55.0
	67.6352861111111	31.127775	0.425	100.0	2018.0	78.0	1222.0	13.2334324100668	-200.0648124730265	55.0
	67.5552972222222	31.1414194444444	1.6	100.0	1995.0	79.0	1226.0	13.280192938305923	-209.36835056858138	63.0
	67.5552972222222	31.1414194444444	0.7	100.0	2000.0	79.0	1226.0	13.280192938305923	-209.36835056858138	63.0
	67.5552972222222	31.1414194444444	1.5	100.0	2005.0	79.0	1226.0	13.280192938305923	-209.36835056858138	63.0
	67.5552972222222	31.1414194444444	1.4	100.0	2009.0	79.0	1226.0	13.280192938305923	-209.36835056858138	63.0
	67.5552972222222	31.1414194444444	1.31	100.0	2014.0	79.0	1226.0	13.280192938305923	-209.36835056858138	63.0
	67.5552972222222	31.1414194444444	1.075	100.0	2018.0	79.0	1226.0	13.280192938305923	-209.36835056858138	63.0
	67.5252611111111	31.1367416666667	2.2	100.0	1992.0	80.0	1223.0	13.298889289127324	-213.08964289759658	66.0
	67.5252611111111	31.1367416666667	0.5	100.0	1995.0	80.0	1223.0	13.298889289127324	-213.08964289759658	66.0
	67.5252611111111	31.1367416666667	0.2	100.0	2000.0	80.0	1223.0	13.298889289127324	-213.08964289759658	66.0
	67.5252611111111	31.1367416666667	nan	100.0	2014.0	80.0	1223.0	13.298889289127324	-213.08964289759658	66.0
	67.5252611111111	31.1367416666667	0.34	100.0	2018.0	80.0	1223.0	13.298889289127324	-213.08964289759658	66.0
	67.545	31.1633333333333	1.7	0.0	2005.0	81.0	-81.0	14.562929444074685	-209.91972392989098	210.0
	67.5466666666667	31.165	1.6	0.0	2009.0	81.0	-81.0	14.562929444074685	-209.91972392989098	210.0
	67.5483333333333	31.1516666666667	1.66091069088484	0.0	2014.0	81.0	-81.0	14.562929444074685	-209.91972392989098	210.0
	67.5250861111111	31.2449111111111	0.4	99.0	1995.0	82.0	1225.0	18.295181913861818	-214.92013876222876	69.0
	67.5250861111111	31.2449111111111	0.2	99.0	2000.0	82.0	1225.0	18.295181913861818	-214.92013876222876	69.0
	67.4993805555556	31.2654944444444	1.4	100.0	1992.0	83.0	1224.0	19.00759708055853	-214.9150593675035	68.0
	67.4993805555556	31.2654944444444	0.2	100.0	1995.0	83.0	1224.0	19.00759708055853	-214.9150593675035	68.0
	67.4993805555556	31.2654944444444	0.2	100.0	2000.0	83.0	1224.0	19.00759708055853	-214.9150593675035	68.0
	67.4993805555556	31.2654944444444	0.7	100.0	2005.0	83.0	1224.0	19.00759708055853	-214.9150593675035	68.0
	67.4993805555556	31.2654944444444	0.6	99.0	2009.0	83.0	1224.0	19.00759708055853	-214.9150593675035	68.0
	67.4993805555556	31.2654944444444	0.6	100.0	2009.0	83.0	1224.0	19.00759708055853	-214.9150593675035	68.0
	67.4993805555556	31.2654944444444	0.335061156009789	100.0	2014.0	83.0	1224.0	19.00759708055853	-214.9150593675035	68.0
	67.4993805555556	31.2654944444444	0.237	100.0	2018.0	83.0	1224.0	19.00759708055853	-214.9150593675035	68.0
	67.5004916666667	30.9406305555555	0.9	100.0	1995.0	84.0	1227.0	4.759068336256077	-214.9797840973232	70.0
	67.5004916666667	30.9406305555555	0.8	100.0	2005.0	84.0	1227.0	4.759068336256077	-214.9797840973232	70.0
	67.5004916666667	30.9406305555555	0.6	100.0	2009.0	84.0	1227.0	4.759068336256077	-214.9797840973232	70.0
	67.5004916666667	30.9406305555555	0.12	100.0	2014.0	84.0	1227.0	4.759068336256077	-214.9797840973232	70.0
	67.5004916666667	30.9406305555555	0.236	100.0	2018.0	84.0	1227.0	4.759068336256077	-214.9797840973232	70.0
	67.4951861111111	30.9469388888889	0.1	100.0	1995.0	85.0	1228.0	5.475344828001844	-216.83901179631738	71.0
	67.4951861111111	30.9469388888889	0.2	100.0	2000.0	85.0	1228.0	5.475344828001844	-216.83901179631738	71.0
	67.4951861111111	30.9469388888889	1.4	100.0	2005.0	85.0	1228.0	5.475344828001844	-216.83901179631738	71.0
	67.4951861111111	30.9469388888889	0.5	100.0	2009.0	85.0	1228.0	5.475344828001844	-216.83901179631738	71.0
	67.4951861111111	30.9469388888889	0.05	100.0	2014.0	85.0	1228.0	5.475344828001844	-216.83901179631738	71.0
	67.4951861111111	30.9469388888889	1.33	100.0	2018.0	85.0	1228.0	5.475344828001844	-216.83901179631738	71.0
	67.4833333333333	30.95	0.2	100.0	2000.0	86.0	-86.0	5.475344828001863	-216.83901179632733	211.0
	67.4328222222222	30.8412277777778	0.8	99.0	1995.0	87.0	1229.0	0.4858169010592317	-222.42645632967282	76.0
	67.4328222222222	30.8412277777778	0.9	99.0	2000.0	87.0	1229.0	0.4858169010592317	-222.42645632967282	76.0
	67.4328222222222	30.8412277777778	1.6	99.0	2009.0	87.0	1229.0	0.4858169010592317	-222.42645632967282	76.0
	67.4387527777778	30.821475	0.843	100.0	2018.0	88.0	-88.0	-0.022499631374916944	-221.82150816892482	212.0
	67.4432583333333	30.8231333333333	1.0	100.0	2005.0	89.0	-89.0	0.04856143952412291	-221.31853412471187	213.0
	67.4432583333333	30.8231333333333	0.84	100.0	2014.0	89.0	-89.0	0.04856143952412291	-221.31853412471187	213.0
	67.4432583333333	30.8231333333333	0.542	100.0	2018.0	89.0	-89.0	0.04856143952412291	-221.31853412471187	213.0
	67.4669861111111	30.733725	0.6	100.0	1995.0	90.0	1230.0	-3.7954798493847286	-218.70259465479904	73.0
	67.4669861111111	30.733725	0.2	100.0	2000.0	90.0	1230.0	-3.7954798493847286	-218.70259465479904	73.0
	67.4669861111111	30.733725	1.0	100.0	2005.0	90.0	1230.0	-3.7954798493847286	-218.70259465479904	73.0
	67.4669861111111	30.733725	0.9	100.0	2009.0	90.0	1230.0	-3.7954798493847286	-218.70259465479904	73.0
	67.4669861111111	30.733725	0.55	100.0	2014.0	90.0	1230.0	-3.7954798493847286	-218.70259465479904	73.0
	67.4669861111111	30.733725	0.36	100.0	2018.0	90.0	1230.0	-3.7954798493847286	-218.70259465479904	73.0
	67.6692833333333	30.4968805555556	0.4	100.0	1995.0	92.0	1233.0	-13.667468398929273	-196.34093493897637	54.0
	67.6692833333333	30.4968805555556	0.4	100.0	2005.0	92.0	1233.0	-13.667468398929273	-196.34093493897637	54.0
	67.6692833333333	30.4968805555556	0.4	100.0	2009.0	92.0	1233.0	-13.667468398929273	-196.34093493897637	54.0
	67.6692833333333	30.4968805555556	0.36	100.0	2014.0	92.0	1233.0	-13.667468398929273	-196.34093493897637	54.0
	67.6692833333333	30.4968805555556	0.317	100.0	2018.0	92.0	1233.0	-13.667468398929273	-196.34093493897637	54.0
	67.6666666666667	30.5	0.2	0.0	2000.0	93.0	-93.0	-13.667468398929273	-196.34093493897637	214.0
	67.7326444444445	30.561	0.7	100.0	1995.0	94.0	1234.0	-11.512500339592213	-188.90794398800602	50.0
	67.7326444444445	30.561	0.2	100.0	2000.0	94.0	1234.0	-11.512500339592213	-188.90794398800602	50.0
	67.7326444444445	30.561	0.6	100.0	2005.0	94.0	1234.0	-11.512500339592213	-188.90794398800602	50.0
	67.7326444444445	30.561	0.6	100.0	2009.0	94.0	1234.0	-11.512500339592213	-188.90794398800602	50.0
	67.7326444444445	30.561	0.28	100.0	2014.0	94.0	1234.0	-11.512500339592213	-188.90794398800602	50.0
	67.7326444444445	30.561	0.379	100.0	2018.0	94.0	1234.0	-11.512500339592213	-188.90794398800602	50.0
	67.7447583333333	30.6221333333333	0.5	100.0	1995.0	95.0	1235.0	-8.684648481852264	-187.0580773095977	49.0
	67.7447583333333	30.6221333333333	0.2	100.0	2000.0	95.0	1235.0	-8.684648481852264	-187.0580773095977	49.0
	67.7447583333333	30.6221333333333	0.7	100.0	2005.0	95.0	1235.0	-8.684648481852264	-187.0580773095977	49.0
	67.7447583333333	30.6221333333333	0.6	100.0	2009.0	95.0	1235.0	-8.684648481852264	-187.0580773095977	49.0
	67.7447583333333	30.6221333333333	0.196	100.0	2018.0	95.0	1235.0	-8.684648481852264	-187.0580773095977	49.0
	67.2261361111111	31.8034805555556	0.7	100.0	1995.0	99.0	797.0	42.27296715112275	-244.41403923128428	85.0
	67.2261361111111	31.8034805555556	0.4	100.0	2000.0	99.0	797.0	42.27296715112275	-244.41403923128428	85.0
	67.2261361111111	31.8034805555556	1.1	100.0	2005.0	99.0	797.0	42.27296715112275	-244.41403923128428	85.0
	67.2261361111111	31.8034805555556	1.3	100.0	2009.0	99.0	797.0	42.27296715112275	-244.41403923128428	85.0
	67.2261361111111	31.8034805555556	0.87	100.0	2014.0	99.0	797.0	42.27296715112275	-244.41403923128428	85.0
	67.2261361111111	31.8034805555556	0.835	100.0	2018.0	99.0	797.0	42.27296715112275	-244.41403923128428	85.0
	67.1986305555556	31.8263111111111	1.8	100.0	1992.0	100.0	-100.0	43.47276237145637	-248.26856341335457	215.0
	67.1986305555556	31.8263111111111	1.53	100.0	2014.0	100.0	-100.0	43.47276237145637	-248.26856341335457	215.0
	67.1986305555556	31.8263111111111	0.695	100.0	2018.0	100.0	-100.0	43.47276237145637	-248.26856341335457	215.0
	67.0516666666667	31.12895	0.3	100.0	1995.0	101.0	800.0	12.834250505975008	-265.1831835778882	92.0
	67.0516666666667	31.12895	0.2	100.0	2000.0	101.0	800.0	12.834250505975008	-265.1831835778882	92.0
	67.0516666666667	31.12895	0.8	100.0	2005.0	101.0	800.0	12.834250505975008	-265.1831835778882	92.0
	67.0516666666667	31.12895	0.5	100.0	2009.0	101.0	800.0	12.834250505975008	-265.1831835778882	92.0
	67.0516666666667	31.12895	0.44	100.0	2014.0	101.0	800.0	12.834250505975008	-265.1831835778882	92.0
	67.0516666666667	31.12895	0.323	100.0	2018.0	101.0	800.0	12.834250505975008	-265.1831835778882	92.0
	67.0420361111111	30.7513944444444	0.1	100.0	1995.0	102.0	801.0	-3.138137860206886	-267.07230929625183	93.0
	67.0420361111111	30.7513944444444	0.4	100.0	2000.0	102.0	801.0	-3.138137860206886	-267.07230929625183	93.0
	67.0420361111111	30.7513944444444	0.4	100.0	2005.0	102.0	801.0	-3.138137860206886	-267.07230929625183	93.0
	67.0420361111111	30.7513944444444	0.6	100.0	2009.0	102.0	801.0	-3.138137860206886	-267.07230929625183	93.0
	67.0420361111111	30.7513944444444	0.37	100.0	2014.0	102.0	801.0	-3.138137860206886	-267.07230929625183	93.0
	67.0420361111111	30.7513944444444	0.198	100.0	2018.0	102.0	801.0	-3.138137860206886	-267.07230929625183	93.0
	66.9715222222222	30.6066805555556	6.6	100.0	1992.0	103.0	-103.0	-9.408616344384967	-273.9558003000166	216.0
	66.9715222222222	30.6066805555556	0.2	100.0	2000.0	103.0	-103.0	-9.408616344384967	-273.9558003000166	216.0
	66.9715222222222	30.6066805555556	0.5	100.0	2005.0	103.0	-103.0	-9.408616344384967	-273.9558003000166	216.0
	66.9715222222222	30.6066805555556	0.6	100.0	2009.0	103.0	-103.0	-9.408616344384967	-273.9558003000166	216.0
	66.9715222222222	30.6066805555556	0.17	100.0	2014.0	103.0	-103.0	-9.408616344384967	-273.9558003000166	216.0
	66.9715222222222	30.6066805555556	0.313	100.0	2018.0	103.0	-103.0	-9.408616344384967	-273.9558003000166	216.0
	66.9224166666667	30.1607222222222	0.3	100.0	2005.0	104.0	-104.0	-28.952925121336065	-279.29594137120046	217.0
	66.9224166666667	30.1607222222222	0.5	100.0	2009.0	104.0	-104.0	-28.952925121336065	-279.29594137120046	217.0
	66.9224166666667	30.1607222222222	0.92	100.0	2014.0	104.0	-104.0	-28.952925121336065	-279.29594137120046	217.0
	66.9224166666667	30.1607222222222	0.624	100.0	2018.0	104.0	-104.0	-28.952925121336065	-279.29594137120046	217.0
	66.9492833333333	29.5901027777778	1.7	100.0	1992.0	105.0	803.0	-52.74715430233646	-277.71466928835304	96.0
	66.9492833333333	29.5901027777778	0.4	99.0	1995.0	105.0	803.0	-52.74715430233646	-277.71466928835304	96.0
	66.9492833333333	29.5901027777778	0.2	0.0	2000.0	106.0	803.0	-52.74715430233646	-277.71466928835304	96.0
	66.9492833333333	29.5901027777778	0.6	0.0	2005.0	106.0	803.0	-52.74715430233646	-277.71466928835304	96.0
	66.9492833333333	29.5901027777778	0.2	0.0	2009.0	106.0	803.0	-52.74715430233646	-277.71466928835304	96.0
	66.9492833333333	29.5901027777778	0.34	0.0	2014.0	106.0	803.0	-52.74715430233646	-277.71466928835304	96.0
	66.9492833333333	29.5901027777778	0.493	99.0	2018.0	107.0	803.0	-52.74715430233646	-277.71466928835304	96.0
	67.2235083333333	32.6903305555555	0.5	100.0	1993.0	108.0	-108.0	80.7791211990587	-244.61533329208402	218.0
	67.2235083333333	32.6903305555555	1.3	100.0	1994.0	108.0	-108.0	80.7791211990587	-244.61533329208402	218.0
	67.2235083333333	32.6903305555555	0.6	100.0	2000.0	108.0	-108.0	80.7791211990587	-244.61533329208402	218.0
	67.2235083333333	32.6903305555555	0.9	100.0	2005.0	108.0	-108.0	80.7791211990587	-244.61533329208402	218.0
	67.2235083333333	32.6903305555555	0.73	100.0	2014.0	108.0	-108.0	80.7791211990587	-244.61533329208402	218.0
	67.2235083333333	32.6903305555555	1.64	100.0	2018.0	108.0	-108.0	80.7791211990587	-244.61533329208402	218.0
	67.2053888888889	32.6148527777778	1.0	100.0	2000.0	109.0	-109.0	77.57523258024467	-246.73454704697627	219.0
	67.2053888888889	32.6148527777778	0.68	100.0	2014.0	109.0	-109.0	77.57523258024467	-246.73454704697627	219.0
	67.2053888888889	32.6148527777778	0.62	100.0	2018.0	109.0	-109.0	77.57523258024467	-246.73454704697627	219.0
	67.2	32.6366666666667	1.0	100.0	2005.0	110.0	-110.0	78.53635997771238	-247.3079594477788	220.0
	67.2	32.6366666666667	1.3	100.0	2009.0	110.0	-110.0	78.53635997771238	-247.3079594477788	220.0
	67.1403305555556	32.9255416666667	4.1	100.0	1992.0	111.0	781.0	88.00836374037875	-254.45503551458836	90.0
	67.1403305555556	32.9255416666667	0.6	100.0	1993.0	111.0	781.0	88.00836374037875	-254.45503551458836	90.0
	67.1403305555556	32.9255416666667	0.6	100.0	1995.0	111.0	781.0	88.00836374037875	-254.45503551458836	90.0
	67.1403305555556	32.9255416666667	0.8	100.0	2000.0	111.0	781.0	88.00836374037875	-254.45503551458836	90.0
	67.1403305555556	32.9255416666667	0.5	100.0	2005.0	111.0	781.0	88.00836374037875	-254.45503551458836	90.0
	67.1403305555556	32.9255416666667	0.7	100.0	2009.0	111.0	781.0	88.00836374037875	-254.45503551458836	90.0
	67.1403305555556	32.9255416666667	0.39	100.0	2014.0	111.0	781.0	88.00836374037875	-254.45503551458836	90.0
	67.1403305555556	32.9255416666667	0.498	100.0	2018.0	111.0	781.0	88.00836374037875	-254.45503551458836	90.0
	67.0767972222222	33.4423333333333	0.3	100.0	1995.0	112.0	782.0	113.54191085530643	-259.07107605415865	91.0
	67.0767972222222	33.4423333333333	0.6	100.0	1999.0	112.0	782.0	113.54191085530643	-259.07107605415865	91.0
	67.0767972222222	33.4423333333333	1.0	100.0	2000.0	112.0	782.0	113.54191085530643	-259.07107605415865	91.0
	67.0767972222222	33.4423333333333	0.9	100.0	2005.0	112.0	782.0	113.54191085530643	-259.07107605415865	91.0
	67.0767972222222	33.4423333333333	1.4	100.0	2009.0	112.0	782.0	113.54191085530643	-259.07107605415865	91.0
	67.0767972222222	33.4423333333333	0.856	100.0	2018.0	112.0	782.0	113.54191085530643	-259.07107605415865	91.0
	67.0298	33.4645527777778	0.3	100.0	2005.0	113.0	-113.0	115.15227364110086	-264.9819494889641	221.0
	67.0298	33.4645527777778	0.7	100.0	2009.0	113.0	-113.0	115.15227364110086	-264.9819494889641	221.0
	67.0298	33.4645527777778	0.17	100.0	2014.0	113.0	-113.0	115.15227364110086	-264.9819494889641	221.0
	67.0298	33.4645527777778	0.378	100.0	2018.0	113.0	-113.0	115.15227364110086	-264.9819494889641	221.0
	67.0263888888889	33.4738694444445	1.0	100.0	2009.0	114.0	-114.0	115.57419961975694	-265.3447281672662	222.0
	67.0179944444444	33.4813638888889	0.6	99.0	1995.0	115.0	1056.0	116.11235929795525	-268.2691398642717	94.0
	67.0179944444444	33.4813638888889	0.5	100.0	1995.0	115.0	1056.0	116.11235929795525	-268.2691398642717	94.0
	67.0179944444444	33.4813638888889	0.5	100.0	2000.0	115.0	1056.0	116.11235929795525	-268.2691398642717	94.0
	67.0179944444444	33.4813638888889	0.8	100.0	2005.0	115.0	1056.0	116.11235929795525	-268.2691398642717	94.0
	67.0179944444444	33.4813638888889	0.92	100.0	2014.0	115.0	1056.0	116.11235929795525	-268.2691398642717	94.0
	67.0179944444444	33.4813638888889	0.735	100.0	2018.0	115.0	1056.0	116.11235929795525	-268.2691398642717	94.0
	66.992425	33.5566666666667	0.4	100.0	1995.0	116.0	1057.0	120.55453454470113	-269.933993502838	95.0
	66.992425	33.5566666666667	0.8	100.0	2000.0	116.0	1057.0	120.55453454470113	-269.933993502838	95.0
	66.992425	33.5566666666667	0.65	100.0	2014.0	116.0	1057.0	120.55453454470113	-269.933993502838	95.0
	66.992425	33.5566666666667	0.636	100.0	2018.0	116.0	1057.0	120.55453454470113	-269.933993502838	95.0
	66.9906027777778	33.5907	nan	100.0	2014.0	117.0	-117.0	120.83979744792654	-269.1090099183004	223.0
	66.9906027777778	33.5907	0.585	100.0	2018.0	117.0	-117.0	120.83979744792654	-269.1090099183004	223.0
	66.7535972222222	34.2160833333333	0.8	100.0	2005.0	118.0	-118.0	149.547006172215	-294.1423523204847	224.0
	66.7535972222222	34.2160833333333	0.48	100.0	2014.0	118.0	-118.0	149.547006172215	-294.1423523204847	224.0
	66.7527472222222	34.2155666666667	0.529	100.0	2018.0	118.0	-118.0	149.547006172215	-294.1423523204847	224.0
	66.6220805555556	34.6572944444445	0.3	99.0	1995.0	119.0	1064.0	169.57676115804927	-308.26280858932193	97.0
	66.6220805555556	34.6572944444445	0.2	100.0	1995.0	119.0	1064.0	169.57676115804927	-308.26280858932193	97.0
	66.6220805555556	34.6572944444445	0.6	100.0	2005.0	119.0	1064.0	169.57676115804927	-308.26280858932193	97.0
	66.6220805555556	34.6572944444445	0.3	100.0	2009.0	119.0	1064.0	169.57676115804927	-308.26280858932193	97.0
	66.6220805555556	34.6572944444445	0.43	100.0	2014.0	119.0	1064.0	169.57676115804927	-308.26280858932193	97.0
	66.6220805555556	34.6572944444445	0.596	100.0	2018.0	119.0	1064.0	169.57676115804927	-308.26280858932193	97.0
	66.5675333333333	35.0481111111111	0.8	100.0	1995.0	120.0	1068.0	187.6436036355483	-312.6618099808496	98.0
	66.5675333333333	35.0481111111111	0.61	99.0	2014.0	120.0	1068.0	187.6436036355483	-312.6618099808496	98.0
	66.5675333333333	35.0481111111111	0.8	99.0	2018.0	120.0	1068.0	187.6436036355483	-312.6618099808496	98.0
	66.7364611111111	34.2938083333333	0.3	0.0	1999.0	121.0	-121.0	153.0740058869639	-295.859258366611	225.0
	66.7364611111111	34.2938083333333	0.3	0.0	2009.0	121.0	-121.0	153.0740058869639	-295.859258366611	225.0
	66.7364611111111	34.2938083333333	0.43	0.0	2014.0	121.0	-121.0	153.0740058869639	-295.859258366611	225.0
	66.7264444444444	34.2928388888889	0.453	0.0	2018.0	121.0	-121.0	153.0740058869639	-295.859258366611	225.0
	67.373575	32.5204055555556	2.9	0.0	2000.0	122.0	-122.0	72.97617740701725	-228.0847269924056	226.0
	67.373575	32.5204055555556	2.6	0.0	2005.0	122.0	-122.0	72.97617740701725	-228.0847269924056	226.0
	67.373575	32.5204055555556	2.7	0.0	2009.0	122.0	-122.0	72.97617740701725	-228.0847269924056	226.0
	67.373575	32.5204055555556	2.35459658770348	0.0	2018.0	122.0	-122.0	72.97617740701725	-228.0847269924056	226.0
	67.5555583333333	34.0339527777778	1.1	100.0	1995.0	123.0	924.0	136.81477785597963	-203.95094005712835	59.0
	67.5555583333333	34.0339527777778	0.6	100.0	2000.0	123.0	924.0	136.81477785597963	-203.95094005712835	59.0
	67.5555583333333	34.0339527777778	1.0	100.0	2005.0	123.0	924.0	136.81477785597963	-203.95094005712835	59.0
	67.5555583333333	34.0339527777778	0.6	100.0	2009.0	123.0	924.0	136.81477785597963	-203.95094005712835	59.0
	67.5555583333333	34.0339527777778	0.37	100.0	2014.0	123.0	924.0	136.81477785597963	-203.95094005712835	59.0
	67.5555583333333	34.0339527777778	0.589	100.0	2018.0	123.0	924.0	136.81477785597963	-203.95094005712835	59.0
	67.5200194444444	34.0964083333333	0.4	100.0	1995.0	126.0	933.0	139.9470948731941	-209.37448804024007	65.0
	67.5200194444444	34.0964083333333	0.2	100.0	2000.0	126.0	933.0	139.9470948731941	-209.37448804024007	65.0
	67.5200194444444	34.0964083333333	1.1	100.0	2005.0	126.0	933.0	139.9470948731941	-209.37448804024007	65.0
	67.5200194444444	34.0964083333333	0.5	100.0	2009.0	126.0	933.0	139.9470948731941	-209.37448804024007	65.0
	67.5200194444444	34.0964083333333	0.34	100.0	2014.0	126.0	933.0	139.9470948731941	-209.37448804024007	65.0
	67.5200194444444	34.0964083333333	0.271	100.0	2018.0	126.0	933.0	139.9470948731941	-209.37448804024007	65.0
	67.5031138888889	34.2242305555556	0.7	0.0	1995.0	127.0	934.0	170.12510343319872	-190.79917170849933	53.0
	67.5031138888889	34.2242305555556	0.6	0.0	2000.0	127.0	934.0	170.12510343319872	-190.79917170849933	53.0
	67.5031138888889	34.2242305555556	0.5	0.0	2004.0	127.0	934.0	170.12510343319872	-190.79917170849933	53.0
	67.5031138888889	34.2242305555556	0.7	0.0	2005.0	127.0	934.0	170.12510343319872	-190.79917170849933	53.0
	67.5031138888889	34.2242305555556	0.7	0.0	2009.0	127.0	934.0	170.12510343319872	-190.79917170849933	53.0
	67.5031138888889	34.2242305555556	0.65	0.0	2014.0	127.0	934.0	170.12510343319872	-190.79917170849933	53.0
	67.5031138888889	34.2242305555556	0.308	0.0	2018.0	127.0	934.0	170.12510343319872	-190.79917170849933	53.0
	67.4990805555556	34.3374305555556	0.5	100.0	1995.0	128.0	936.0	150.00204358653815	-210.67956829085404	67.0
	67.4990805555556	34.3374305555556	0.8	100.0	2000.0	128.0	936.0	150.00204358653815	-210.67956829085404	67.0
	67.4990805555556	34.3374305555556	1.1	100.0	2005.0	128.0	936.0	150.00204358653815	-210.67956829085404	67.0
	67.4990805555556	34.3374305555556	0.4	100.0	2009.0	128.0	936.0	150.00204358653815	-210.67956829085404	67.0
	67.4990805555556	34.3374305555556	0.35	100.0	2014.0	128.0	936.0	150.00204358653815	-210.67956829085404	67.0
	67.4990805555556	34.3374305555556	0.292	100.0	2018.0	128.0	936.0	150.00204358653815	-210.67956829085404	67.0
	67.4465055555556	34.5103055555555	0.8	100.0	2005.0	129.0	-129.0	157.9070554912286	-216.1961041142934	227.0
	67.4465055555556	34.5103055555555	1.07	100.0	2014.0	129.0	-129.0	157.9070554912286	-216.1961041142934	227.0
	67.4565638888889	34.2830888888889	0.6	100.0	1995.0	130.0	938.0	148.1801648517923	-216.37425676095603	74.0
	67.4565638888889	34.2830888888889	0.32	100.0	2014.0	130.0	938.0	148.1801648517923	-216.37425676095603	74.0
	67.4565638888889	34.2830888888889	1.49	100.0	2018.0	130.0	938.0	148.1801648517923	-216.37425676095603	74.0
	67.4548333333333	34.2623833333333	0.2	0.0	1995.0	131.0	937.0	147.46752446130424	-216.41451411855962	75.0
	67.4548333333333	34.2623833333333	0.6	0.0	2009.0	131.0	937.0	147.46752446130424	-216.41451411855962	75.0
	67.4548333333333	34.2623833333333	0.909	0.0	2018.0	131.0	937.0	147.46752446130424	-216.41451411855962	75.0
	67.408225	34.258975	4.6	100.0	1992.0	132.0	770.0	147.67411226645152	-220.12981808448194	77.0
	67.408225	34.258975	1.1	99.0	1995.0	132.0	770.0	147.67411226645152	-220.12981808448194	77.0
	67.408225	34.258975	0.8	100.0	1995.0	132.0	770.0	147.67411226645152	-220.12981808448194	77.0
	67.408225	34.258975	0.5	100.0	2000.0	132.0	770.0	147.67411226645152	-220.12981808448194	77.0
	67.408225	34.258975	0.9	100.0	2005.0	132.0	770.0	147.67411226645152	-220.12981808448194	77.0
	67.408225	34.258975	0.47	100.0	2014.0	132.0	770.0	147.67411226645152	-220.12981808448194	77.0
	67.408225	34.258975	0.336	100.0	2018.0	132.0	770.0	147.67411226645152	-220.12981808448194	77.0
	67.3467694444444	34.1767361111111	0.4	100.0	1995.0	133.0	941.0	143.89330059970692	-229.65638168063725	79.0
	67.3467694444444	34.1767361111111	0.6	100.0	2000.0	133.0	941.0	143.89330059970692	-229.65638168063725	79.0
	67.3467694444444	34.1767361111111	0.8	100.0	2005.0	133.0	941.0	143.89330059970692	-229.65638168063725	79.0
	67.3467694444444	34.1767361111111	0.6	100.0	2009.0	133.0	941.0	143.89330059970692	-229.65638168063725	79.0
	67.3467694444444	34.1767361111111	0.38	100.0	2014.0	133.0	941.0	143.89330059970692	-229.65638168063725	79.0
	67.3467694444444	34.1767361111111	0.666	100.0	2018.0	133.0	941.0	143.89330059970692	-229.65638168063725	79.0
	67.3457805555556	34.2333083333333	1.3	100.0	1995.0	134.0	940.0	146.65583095422306	-227.64046957232546	78.0
	67.3457805555556	34.2333083333333	1.3	100.0	1998.0	134.0	940.0	146.65583095422306	-227.64046957232546	78.0
	67.3457805555556	34.2333083333333	0.7	100.0	1998.0	134.0	940.0	146.65583095422306	-227.64046957232546	78.0
	67.3457805555556	34.2333083333333	1.2	100.0	1998.0	134.0	940.0	146.65583095422306	-227.64046957232546	78.0
	67.3457805555556	34.2333083333333	1.2	100.0	2005.0	134.0	940.0	146.65583095422306	-227.64046957232546	78.0
	67.3457805555556	34.2333083333333	0.6	100.0	2009.0	134.0	940.0	146.65583095422306	-227.64046957232546	78.0
	67.3457805555556	34.2333083333333	1.3	100.0	2014.0	134.0	940.0	146.65583095422306	-227.64046957232546	78.0
	67.3457805555556	34.2333083333333	1.15	100.0	2018.0	134.0	940.0	146.65583095422306	-227.64046957232546	78.0
	67.3274555555556	34.22915	1.5	100.0	1995.0	135.0	942.0	146.86027332044077	-231.3556581442615	80.0
	67.3274555555556	34.22915	1.3	100.0	1998.0	135.0	942.0	146.86027332044077	-231.3556581442615	80.0
	67.3274555555556	34.22915	0.7	100.0	2000.0	135.0	942.0	146.86027332044077	-231.3556581442615	80.0
	67.3274555555556	34.22915	0.8	100.0	2005.0	135.0	942.0	146.86027332044077	-231.3556581442615	80.0
	67.3274555555556	34.22915	0.7	100.0	2009.0	135.0	942.0	146.86027332044077	-231.3556581442615	80.0
	67.3274555555556	34.22915	0.56	100.0	2014.0	135.0	942.0	146.86027332044077	-231.3556581442615	80.0
	67.3274555555556	34.22915	0.653	100.0	2018.0	135.0	942.0	146.86027332044077	-231.3556581442615	80.0
	67.2935305555555	34.2183527777778	0.7	100.0	1995.0	136.0	944.0	146.2453073608827	-233.2531482680075	81.0
	67.2935305555555	34.2183527777778	0.9	100.0	1998.0	136.0	944.0	146.2453073608827	-233.2531482680075	81.0
	67.2935305555555	34.2183527777778	1.0	10.0	1998.0	136.0	944.0	146.2453073608827	-233.2531482680075	81.0
	67.2935305555555	34.2183527777778	0.9	100.0	1998.0	136.0	944.0	146.2453073608827	-233.2531482680075	81.0
	67.2935305555555	34.2183527777778	1.0	10.0	1998.0	136.0	944.0	146.2453073608827	-233.2531482680075	81.0
	67.2935305555555	34.2183527777778	1.0	100.0	1998.0	136.0	944.0	146.2453073608827	-233.2531482680075	81.0
	67.2935305555555	34.2183527777778	0.3	100.0	2005.0	136.0	944.0	146.2453073608827	-233.2531482680075	81.0
	67.2935305555555	34.2183527777778	0.7	100.0	2009.0	136.0	944.0	146.2453073608827	-233.2531482680075	81.0
	67.2935305555555	34.2183527777778	0.38	100.0	2014.0	136.0	944.0	146.2453073608827	-233.2531482680075	81.0
	67.2935305555555	34.2183527777778	0.825	100.0	2018.0	136.0	944.0	146.2453073608827	-233.2531482680075	81.0
	67.3	34.2166666666667	1.5	0.0	2000.0	137.0	-137.0	146.2453073608827	-233.2531482680075	228.0
	67.2682694444444	34.3488416666667	0.5	100.0	1992.0	138.0	947.0	153.6297682763825	-236.55966735578602	82.0
	67.2682694444444	34.3488416666667	0.2	100.0	1994.0	138.0	947.0	153.6297682763825	-236.55966735578602	82.0
	67.2682694444444	34.3488416666667	0.2	99.0	1995.0	138.0	947.0	153.6297682763825	-236.55966735578602	82.0
	67.2682694444444	34.3488416666667	0.3	100.0	1995.0	138.0	948.0	152.19365224053124	-236.64295326336315	83.0
	67.2682694444444	34.3488416666667	0.3	100.0	2000.0	138.0	948.0	152.19365224053124	-236.64295326336315	83.0
	67.2682694444444	34.3488416666667	0.4	100.0	2005.0	138.0	948.0	152.19365224053124	-236.64295326336315	83.0
	67.2682694444444	34.3488416666667	0.6	100.0	2005.0	138.0	948.0	152.19365224053124	-236.64295326336315	83.0
	67.2682694444444	34.3488416666667	0.6	100.0	2009.0	138.0	948.0	152.19365224053124	-236.64295326336315	83.0
	67.2682694444444	34.3488416666667	0.4	100.0	2010.0	138.0	948.0	152.19365224053124	-236.64295326336315	83.0
	67.2682694444444	34.3488416666667	0.45	100.0	2014.0	138.0	948.0	152.19365224053124	-236.64295326336315	83.0
	67.2682694444444	34.3488416666667	0.374	100.0	2018.0	138.0	948.0	152.19365224053124	-236.64295326336315	83.0
	67.2132138888889	34.3540444444444	5.1	100.0	1992.0	139.0	950.0	152.51057825239528	-242.21481428502506	87.0
	67.2132138888889	34.3540444444444	0.1	100.0	1995.0	139.0	950.0	152.51057825239528	-242.21481428502506	87.0
	67.2132138888889	34.3540444444444	0.6	100.0	1998.0	139.0	950.0	152.51057825239528	-242.21481428502506	87.0
	67.2132138888889	34.3540444444444	0.45	100.0	2014.0	139.0	950.0	152.51057825239528	-242.21481428502506	87.0
	67.2132138888889	34.3540444444444	0.854	100.0	2018.0	139.0	950.0	152.51057825239528	-242.21481428502506	87.0
	67.2240166666667	34.3360361111111	0.3	100.0	1995.0	140.0	949.0	151.68587483877286	-240.39895459453612	84.0
	67.2240166666667	34.3360361111111	0.6	100.0	1998.0	140.0	949.0	151.68587483877286	-240.39895459453612	84.0
	67.2240166666667	34.3360361111111	0.6	100.0	1998.0	140.0	949.0	151.68587483877286	-240.39895459453612	84.0
	67.2240166666667	34.3360361111111	1.2	10.0	1998.0	140.0	949.0	151.68587483877286	-240.39895459453612	84.0
	67.2240166666667	34.3360361111111	0.2	100.0	2000.0	140.0	949.0	151.68587483877286	-240.39895459453612	84.0
	67.2240166666667	34.3360361111111	0.2	100.0	2005.0	140.0	949.0	151.68587483877286	-240.39895459453612	84.0
	67.2240166666667	34.3360361111111	0.717	100.0	2018.0	140.0	949.0	151.68587483877286	-240.39895459453612	84.0
	67.2117722222222	34.3376	2.0	100.0	1994.0	141.0	951.0	151.89612346216103	-244.113524935765	88.0
	67.2117722222222	34.3376	0.9	100.0	1995.0	141.0	951.0	151.89612346216103	-244.113524935765	88.0
	67.2117722222222	34.3376	0.72	100.0	2014.0	141.0	951.0	151.89612346216103	-244.113524935765	88.0
	67.2117722222222	34.3376	0.846	100.0	2018.0	141.0	951.0	151.89612346216103	-244.113524935765	88.0
	67.2088027777778	34.4031777777778	0.5	100.0	1992.0	142.0	952.0	155.388739315095	-242.04711178380728	86.0
	67.2088027777778	34.4031777777778	0.3	100.0	1994.0	142.0	952.0	155.388739315095	-242.04711178380728	86.0
	67.2088027777778	34.4031777777778	0.1	100.0	1995.0	142.0	952.0	155.388739315095	-242.04711178380728	86.0
	67.2088027777778	34.4031777777778	0.4	100.0	2000.0	142.0	952.0	155.388739315095	-242.04711178380728	86.0
	67.2088027777778	34.4031777777778	0.23	100.0	2014.0	142.0	952.0	155.388739315095	-242.04711178380728	86.0
	67.2088027777778	34.4031777777778	0.481	100.0	2018.0	142.0	952.0	155.388739315095	-242.04711178380728	86.0
	67.1623722222222	34.4469472222222	0.6	100.0	1994.0	143.0	953.0	157.1535191007277	-247.5332364032152	89.0
	67.1623722222222	34.4469472222222	0.5	99.0	1995.0	143.0	953.0	157.1535191007277	-247.5332364032152	89.0
	67.1623722222222	34.4469472222222	0.5	99.0	2000.0	143.0	953.0	157.1535191007277	-247.5332364032152	89.0
	67.6900583333333	32.7371305555556	9.0	100.0	1988.0	144.0	1172.0	81.76207686510935	-193.22805631040188	51.0
	67.6900583333333	32.7371305555556	9.0	99.0	1988.0	144.0	1172.0	81.76207686510935	-193.22805631040188	51.0
	67.6900583333333	32.7371305555556	4.0	100.0	1990.0	144.0	1172.0	81.76207686510935	-193.22805631040188	51.0
	67.6900583333333	32.7371305555556	9.7	99.0	1992.0	144.0	1172.0	81.76207686510935	-193.22805631040188	51.0
	67.6900583333333	32.7371305555556	6.7	100.0	1995.0	144.0	1172.0	81.76207686510935	-193.22805631040188	51.0
	67.6900583333333	32.7371305555556	3.5	100.0	2000.0	144.0	1172.0	81.76207686510935	-193.22805631040188	51.0
	67.6900583333333	32.7371305555556	3.7	100.0	2001.0	144.0	1172.0	81.76207686510935	-193.22805631040188	51.0
	67.6900583333333	32.7371305555556	3.3	99.0	2001.0	144.0	1172.0	81.76207686510935	-193.22805631040188	51.0
	67.6900583333333	32.7371305555556	3.9	100.0	2003.0	144.0	1172.0	81.76207686510935	-193.22805631040188	51.0
	67.6900583333333	32.7371305555556	3.5	100.0	2005.0	144.0	1172.0	81.76207686510935	-193.22805631040188	51.0
	67.6900583333333	32.7371305555556	5.4	100.0	2009.0	144.0	1172.0	81.76207686510935	-193.22805631040188	51.0
	67.6900583333333	32.7371305555556	4.95	100.0	2014.0	144.0	1172.0	81.76207686510935	-193.22805631040188	51.0
	67.6838277777778	32.8191083333333	2.83890310455917	100.0	2018.0	144.0	1172.0	81.76207686510935	-193.22805631040188	51.0
	68.0156138888889	32.7936083333333	23.0	100.0	1988.0	147.0	1170.0	84.14486305484236	-157.7747581844406	44.0
	68.0156138888889	32.7936083333333	20.0	100.0	1988.0	147.0	1170.0	84.14486305484236	-157.7747581844406	44.0
	68.0156138888889	32.7936083333333	22.0	100.0	1989.0	147.0	1170.0	84.14486305484236	-157.7747581844406	44.0
	68.0156138888889	32.7936083333333	14.0	100.0	1990.0	147.0	1170.0	84.14486305484236	-157.7747581844406	44.0
	68.0156138888889	32.7936083333333	14.0	100.0	1995.0	147.0	1170.0	84.14486305484236	-157.7747581844406	44.0
	68.0156138888889	32.7936083333333	10.2	100.0	1998.0	147.0	1170.0	84.14486305484236	-157.7747581844406	44.0
	68.0156138888889	32.7936083333333	9.1	100.0	1998.0	147.0	1170.0	84.14486305484236	-157.7747581844406	44.0
	68.0156138888889	32.7936083333333	8.1	100.0	1999.0	147.0	1170.0	84.14486305484236	-157.7747581844406	44.0
	68.0156138888889	32.7936083333333	9.5	100.0	2000.0	147.0	1170.0	84.14486305484236	-157.7747581844406	44.0
	68.0156138888889	32.7936083333333	26.7	100.0	2001.0	147.0	1170.0	84.14486305484236	-157.7747581844406	44.0
	68.0156138888889	32.7936083333333	10.5	100.0	2001.0	147.0	1170.0	84.14486305484236	-157.7747581844406	44.0
	68.0156138888889	32.7936083333333	10.0	100.0	2003.0	147.0	1170.0	84.14486305484236	-157.7747581844406	44.0
	68.0156138888889	32.7936083333333	6.5	100.0	2005.0	147.0	1170.0	84.14486305484236	-157.7747581844406	44.0
	68.0156138888889	32.7936083333333	9.7	100.0	2009.0	147.0	1170.0	84.14486305484236	-157.7747581844406	44.0
	68.0156138888889	32.7936083333333	12.0	100.0	2014.0	147.0	1170.0	84.14486305484236	-157.7747581844406	44.0
	68.0156138888889	32.7936083333333	11.3912249712281	100.0	2018.0	147.0	1170.0	84.14486305484236	-157.7747581844406	44.0
	68.1046611111111	34.0313722222222	2.43	100.0	2014.0	148.0	-148.0	133.61555195018485	-143.96582447154103	229.0
	68.1045277777778	34.0171222222222	2.48440075121325	100.0	2018.0	148.0	-148.0	133.61555195018485	-143.96582447154103	229.0
	68.101625	34.0207888888889	2.9	100.0	1995.0	149.0	1155.0	133.03087445439695	-144.51766683906334	40.0
	68.101625	34.0207888888889	2.3	100.0	2000.0	149.0	1155.0	133.03087445439695	-144.51766683906334	40.0
	68.101625	34.0207888888889	2.7	100.0	2005.0	149.0	1155.0	133.03087445439695	-144.51766683906334	40.0
	68.101625	34.0207888888889	2.2	100.0	2009.0	149.0	1155.0	133.03087445439695	-144.51766683906334	40.0
	68.101625	34.0207888888889	2.03	100.0	2014.0	149.0	1155.0	133.03087445439695	-144.51766683906334	40.0
	68.101625	34.0207888888889	1.64254154686052	100.0	2018.0	149.0	1155.0	133.03087445439695	-144.51766683906334	40.0
	68.0913333333333	34.0846333333333	2.0	100.0	2000.0	150.0	-150.0	135.90920256569282	-145.33480855366108	230.0
	68.1042416666667	34.0372611111111	2.6	100.0	2005.0	150.0	-150.0	135.90920256569282	-145.33480855366108	230.0
	68.1042416666667	34.0372611111111	2.2	100.0	2009.0	150.0	-150.0	135.90920256569282	-145.33480855366108	230.0
	68.1042416666667	34.0372611111111	2.06	100.0	2014.0	150.0	-150.0	135.90920256569282	-145.33480855366108	230.0
	68.1045111111111	34.0381527777778	1.92246681761635	100.0	2018.0	150.0	-150.0	135.90920256569282	-145.33480855366108	230.0
	68.0966666666667	34.075	1.7	100.0	2005.0	151.0	-151.0	135.47698112838987	-144.76142577202396	231.0
	68.0966666666667	34.075	2.5	100.0	2009.0	151.0	-151.0	135.47698112838987	-144.76142577202396	231.0
	68.1019583333333	34.0503166666667	1.42	100.0	2014.0	152.0	-152.0	134.41920732861868	-144.22574820761264	232.0
	68.0969805555556	34.0734138888889	1.50684068368392	100.0	2018.0	152.0	-152.0	134.41920732861868	-144.22574820761264	232.0
	67.9618777777778	34.5660416666667	0.1	100.0	1995.0	153.0	1169.0	156.91828842155445	-159.9384275926834	46.0
	67.9618777777778	34.5660416666667	0.2	100.0	2000.0	153.0	1169.0	156.91828842155445	-159.9384275926834	46.0
	67.9618777777778	34.5660416666667	0.7	100.0	2005.0	153.0	1169.0	156.91828842155445	-159.9384275926834	46.0
	67.9618777777778	34.5660416666667	0.5	100.0	2009.0	153.0	1169.0	156.91828842155445	-159.9384275926834	46.0
	67.9618777777778	34.5660416666667	0.28	100.0	2014.0	153.0	1169.0	156.91828842155445	-159.9384275926834	46.0
	67.9618777777778	34.5660416666667	0.69	100.0	2018.0	153.0	1169.0	156.91828842155445	-159.9384275926834	46.0
	67.9884638888889	34.63	0.4	100.0	1995.0	154.0	698.0	159.30385553220046	-155.48782823523268	233.0
	67.9884638888889	34.63	0.2	100.0	1995.0	154.0	1166.0	159.47841308957265	-156.05095537464246	45.0
	67.9884638888889	34.63	0.2	100.0	2000.0	154.0	1166.0	159.47841308957265	-156.05095537464246	45.0
	67.9884638888889	34.63	0.4	100.0	2005.0	154.0	1166.0	159.47841308957265	-156.05095537464246	45.0
	67.9884638888889	34.63	0.7	100.0	2009.0	154.0	1166.0	159.47841308957265	-156.05095537464246	45.0
	67.9884638888889	34.63	0.46	100.0	2014.0	154.0	1166.0	159.47841308957265	-156.05095537464246	45.0
	67.9884638888889	34.63	0.655	100.0	2018.0	154.0	1166.0	159.47841308957265	-156.05095537464246	45.0
	68.0224611111111	34.4860222222222	0.2	100.0	1991.0	155.0	1158.0	152.99019645223848	-152.71853528899265	43.0
	68.0224611111111	34.4860222222222	0.55	100.0	1995.0	155.0	1158.0	152.99019645223848	-152.71853528899265	43.0
	68.0224611111111	34.4860222222222	0.3	100.0	2000.0	155.0	1158.0	152.99019645223848	-152.71853528899265	43.0
	68.0224611111111	34.4860222222222	0.7	100.0	2005.0	155.0	1158.0	152.99019645223848	-152.71853528899265	43.0
	68.0224611111111	34.4860222222222	1.7	100.0	2009.0	155.0	1158.0	152.99019645223848	-152.71853528899265	43.0
	68.0224611111111	34.4860222222222	0.79	100.0	2014.0	155.0	1158.0	152.99019645223848	-152.71853528899265	43.0
	68.0224611111111	34.4860222222222	0.678	100.0	2018.0	155.0	1158.0	152.99019645223848	-152.71853528899265	43.0
	68.0182916666667	35.0559444444444	2.3	100.0	1995.0	156.0	1161.0	177.3234633738484	-151.1443019594193	42.0
	68.0182916666667	35.0559444444444	1.1	100.0	2000.0	156.0	1161.0	177.3234633738484	-151.1443019594193	42.0
	68.0182916666667	35.0559444444444	1.1	100.0	2005.0	156.0	1161.0	177.3234633738484	-151.1443019594193	42.0
	68.0182916666667	35.0559444444444	0.8	100.0	2009.0	156.0	1161.0	177.3234633738484	-151.1443019594193	42.0
	68.0182916666667	35.0559444444444	0.31	100.0	2014.0	156.0	1161.0	177.3234633738484	-151.1443019594193	42.0
	68.0182916666667	35.0559444444444	0.562	100.0	2018.0	156.0	1161.0	177.3234633738484	-151.1443019594193	42.0
	68.0205722222222	35.0978166666667	0.5	100.0	1995.0	157.0	1162.0	178.71340454562383	-151.04734125698016	41.0
	68.0205722222222	35.0978166666667	1.8	100.0	2000.0	157.0	1162.0	178.71340454562383	-151.04734125698016	41.0
	68.0205722222222	35.0978166666667	1.072	100.0	2018.0	157.0	1162.0	178.71340454562383	-151.04734125698016	41.0