t x1 y1 z1 xNoisy1 yNoisy1 zNoisy1 vx1 vy1 vz1 vxNoisy1 vyNoisy1 vzNoisy1 x2 y2 z2 xNoisy2 yNoisy2 zNoisy2 vx2 vy2 vz2 vxNoisy2 vyNoisy2 vzNoisy2 x3 y3 z3 xNoisy3 yNoisy3 zNoisy3 vx3 vy3 vz3 vxNoisy3 vyNoisy3 vzNoisy3 # Masses: m1=1.0, m2=0.9, m3=0.8, normErrC=0.05, normErrV=0.05
0.00000000 -1.00000000 0.00000000 0.00000000 -1.01892521 0.01873735 -0.01075131 0.00000000 0.50000000 0.00000000 -0.00424782 0.49601826 -0.01208805 1.00000000 0.00000000 -1.00000000 1.02112529 -0.03786477 -1.01860949 0.00000000 -0.40000000 0.00000000 -0.01744887 -0.43181867 0.01285941 0.00000000 1.50000000 1.00000000 0.01587278 1.53429016 1.01030228 0.60000000 0.00000000 0.00000000 0.60203142 -0.02478247 0.00067510
0.10000000 -0.99872770 0.05066754 0.00005571 -1.02645088 0.08048592 -0.02753540 0.02555397 0.51317795 0.00113139 0.03254235 0.53703760 0.03515595 0.99890478 -0.03967643 -0.99914292 1.04123109 -0.02423555 -0.99259855 -0.02186314 -0.39336558 0.01714290 -0.04233319 -0.43217485 0.02497449 0.05964175 1.49880156 0.99896614 0.07876943 1.50026180 0.97597920 0.59265357 -0.02393617 -0.02069999 0.58428797 0.01911604 -0.01103108
0.20000000 -0.99486747 0.10260102 0.00022993 -1.01390438 0.12531204 -0.03833082 0.05176103 0.52531737 0.00237276 0.03619597 0.53549802 -0.03423359 0.99563571 -0.07864026 -0.99657094 0.99807137 -0.09147598 -0.96366447 -0.04347569 -0.38574411 0.03430009 -0.01908405 -0.41715368 0.04670553 0.11849417 1.49521901 0.99585490 0.08697854 1.48286239 0.98724991 0.58420887 -0.04768459 -0.04155355 0.55920929 -0.02501478 -0.04680928
0.30000000 -0.98835335 0.15569620 0.00053441 -1.01515141 0.16688371 0.00976858 0.07863327 0.53641148 0.00373903 0.11041164 0.56326283 0.01712960 0.99021825 -0.11679165 -0.99228196 1.00422279 -0.12846749 -0.99506049 -0.06482932 -0.37711386 0.05148550 -0.07305677 -0.36720836 0.04895720 0.17644616 1.48927035 0.99064918 0.21650151 1.49114695 1.00846690 0.57464140 -0.07126126 -0.06259497 0.56426849 -0.08351592 -0.09044318
0.40000000 -0.97911803 0.20984804 0.00098248 -1.01540706 0.17811278 -0.00637473 0.10618734 0.54644871 0.00524698 0.10365557 0.52867847 0.02970586 0.98267890 -0.15402850 -0.98627244 1.00867063 -0.17351879 -0.96244215 -0.08591174 -0.36744893 0.06871302 -0.11769224 -0.36336240 0.03570597 0.23338377 1.48097201 0.98332839 0.23099390 1.50753852 0.99500303 0.56391653 -0.09468084 -0.08386087 0.59092101 -0.07365856 -0.05353812
0.50000000 -0.96709225 0.26495019 0.00158918 -0.92375876 0.25938405 0.01963989 0.13444504 0.55541227 0.00691551 0.15156688 0.51874276 0.01690279 0.97304552 -0.19024598 -0.97853747 0.95865080 -0.23248265 -0.97430356 -0.10670638 -0.35671924 0.08599654 -0.14065108 -0.38027865 0.09003779 0.28918910 1.47033900 0.97386817 0.33077146 1.48346207 0.97856168 0.55198838 -0.11795619 -0.10539049 0.58254912 -0.14492306 -0.10997602
0.60000000 -0.95220489 0.32089448 0.00237150 -0.97469947 0.29242775 0.02336412 0.16343089 0.56328098 0.00876532 0.15040109 0.53600138 -0.02510720 0.96134767 -0.22533609 -0.96907082 0.96985309 -0.24164240 -0.94644420 -0.12719209 -0.34489161 0.10334914 -0.10012594 -0.33418501 0.12699888 0.34373998 1.45738500 0.96224029 0.36692323 1.45869674 0.93979149 0.53880249 -0.14109817 -0.12722442 0.53869990 -0.12419667 -0.16484635
0.70000000 -0.93438134 0.37756970 0.00334883 -0.89644974 0.38432171 0.01165145 0.19317649 0.57002667 0.01081971 0.17140245 0.58448042 -0.00921417 0.94761777 -0.25918692 -0.95786490 0.92658091 -0.23624198 -0.97350851 -0.14734223 -0.33192848 0.12078411 -0.14302270 -0.30685801 0.14626317 0.39690669 1.44212316 0.94841198 0.36240143 1.46178309 0.95788938 0.52428939 -0.16411379 -0.14940677 0.50520167 -0.11830203 -0.14492810
0.80000000 -0.91354321 0.43486134 0.00454307 -0.88343865 0.46062655 0.03097743 0.22372150 0.57561365 0.01310479 0.23920448 0.54604854 0.03618740 0.93189131 -0.29168256 -0.94491077 0.89746370 -0.29717057 -0.91305681 -0.16712451 -0.31778767 0.13831519 -0.16470953 -0.28077727 0.15625579 0.44855130 1.42456620 0.93234578 0.41925550 1.43769236 0.95694637 0.50836320 -0.18700593 -0.17198558 0.52538746 -0.15046465 -0.15238952
0.90000000 -0.88960832 0.49265164 0.00597867 -0.88169204 0.47572643 -0.02923080 0.25511355 0.57999877 0.01564943 0.21740433 0.59870939 0.03000671 0.91420682 -0.32270310 -0.93019813 0.93436712 -0.32048809 -0.91822980 -0.18650099 -0.30242235 0.15595654 -0.20321887 -0.32599500 0.12594605 0.49852772 1.40472644 0.91399956 0.52725230 1.41308057 0.94713636 0.49092168 -0.20977331 -0.19501290 0.50703321 -0.23165897 -0.21526588
1.00000000 -0.86248964 0.55081859 0.00768289 -0.83226488 0.57540359 -0.01260706 0.28740963 0.58312974 0.01848542 0.27163183 0.60082283 0.00502240 0.89460650 -0.35212403 -0.91371523 0.86094397 -0.34200852 -0.88906428 -0.20542745 -0.28578082 0.17372275 -0.21535487 -0.32063361 0.20235049 0.54667974 1.38261629 0.89332601 0.52477041 1.38325543 0.93196696 0.47184384 -0.23240875 -0.21854487 0.47859783 -0.26173900 -0.20352954
1.10000000 -0.83209362 0.60923375 0.00968668 -0.79871758 0.62657209 0.00172875 0.32067692 0.58494351 0.02164777 0.35839381 0.57500036 0.04888781 0.87313795 -0.37981481 -0.89544884 0.90083887 -0.39610063 -0.91952353 -0.22385176 -0.26780708 0.19162841 -0.19856524 -0.23270714 0.21262038 0.59283683 1.35824948 0.87027159 0.60807782 1.34461612 0.85890572 0.45098707 -0.25489643 -0.24264167 0.43848486 -0.27701615 -0.20348719
1.20000000 -0.79831958 0.66776160 0.01202453 -0.84549805 0.66784254 0.01398443 0.35499636 0.58536277 0.02517464 0.36139721 0.58964636 0.01190769 0.84985447 -0.40563921 -0.87538436 0.82035668 -0.43184259 -0.88422665 -0.24171349 -0.24843953 0.20968881 -0.25670567 -0.26876274 0.20330716 0.63681319 1.33164212 0.84477675 0.60592251 1.30339220 0.82783266 0.42818222 -0.27720900 -0.26736821 0.38750990 -0.26972154 -0.26344789
1.30000000 -0.76105653 0.72625698 0.01473505 -0.73979383 0.71975430 0.01105361 0.39046940 0.58428876 0.02910743 0.40828303 0.62034725 0.00568906 0.82481619 -0.42945412 -0.85350542 0.78817607 -0.40341744 -0.83225004 -0.25894231 -0.22760889 0.22792078 -0.24348152 -0.19074498 0.23800685 0.67840245 1.30281466 0.81677478 0.67199303 1.34278173 0.82253072 0.40322334 -0.29930095 -0.29279516 0.37763481 -0.29220965 -0.31081528
1.40000000 -0.72018308 0.78456498 0.01786106 -0.69453334 0.80743725 -0.00700551 0.42721814 0.58160104 0.03349071 0.46650668 0.59919177 0.03279679 0.79809014 -0.45110949 -0.82979391 0.78580385 -0.44308756 -0.86220611 -0.27545787 -0.20523813 0.24634273 -0.27160500 -0.23355228 0.24266157 0.71737744 1.27179195 0.78619182 0.67319642 1.26452972 0.80161590 0.37586743 -0.32110840 -0.31899895 0.40581502 -0.33406055 -0.35122942
1.50000000 -0.67556478 0.84251763 0.02144985 -0.65123230 0.86076076 0.00565217 0.46538982 0.57714908 0.03837125 0.44069081 0.61194058 0.01733550 0.76975171 -0.47044727 -0.80422982 0.76706581 -0.50703152 -0.80223304 -0.29116804 -0.18124122 0.26497460 -0.30810301 -0.17946753 0.28872784 0.75348530 1.23860614 0.75294624 0.72254246 1.22014067 0.74605687 0.34582677 -0.34253998 -0.34606050 0.33220544 -0.36072227 -0.38461580
1.60000000 -0.62705165 0.89993014 0.02555360 -0.61659607 0.89515249 -0.01199295 0.50516177 0.57074388 0.04379720 0.46026013 0.58218789 0.02961364 0.73988670 -0.48730036 -0.77679122 0.73959477 -0.45490849 -0.77659666 -0.30596667 -0.15552217 0.28383794 -0.30447347 -0.17538987 0.28146565 0.78644202 1.20330023 0.71694812 0.79314349 1.20335379 0.71766129 0.31276029 -0.36346740 -0.37406419 0.33701838 -0.35291204 -0.39285669
1.70000000 -0.57447238 0.95659369 0.03022899 -0.54173833 0.94896999 0.03820820 0.54675371 0.56213219 0.04981319 0.56870237 0.55558258 0.01289588 0.70859270 -0.50149078 -0.74745375 0.74652645 -0.50864859 -0.75591862 -0.31973048 -0.12796894 0.30295703 -0.31569219 -0.15167975 0.32152939 0.81592370 1.16593502 0.67809923 0.79020129 1.17243335 0.69512355 0.27625465 -0.38370017 -0.40309315 0.26157230 -0.39107834 -0.41838802
1.80000000 -0.51763150 1.01227170 0.03553710 -0.53755249 0.98092392 0.05980064 0.59043290 0.55098466 0.05645810 0.57293976 0.57986750 0.05022084 0.67598002 -0.51282863 -0.71619042 0.66029320 -0.50553040 -0.72420944 -0.33231726 -0.09845080 0.32235925 -0.34219609 -0.08390590 0.36845258 0.84156185 1.12659259 0.63629285 0.84748543 1.17515345 0.63319463 0.23581580 -0.40297366 -0.43322678 0.23721141 -0.37407355 -0.41407587
1.90000000 -0.45630514 1.06669122 0.04154244 -0.47769285 1.08763752 0.00303310 0.63651978 0.53686803 0.06375732 0.62330276 0.53815719 0.08296548 0.64217404 -0.52111019 -0.68297143 0.66698852 -0.52166673 -0.71309053 -0.34356231 -0.06681402 0.34207470 -0.33583040 -0.07136922 0.38274885 0.86293563 1.08538494 0.59141481 0.90087935 1.10172633 0.60437100 0.19085787 -0.42091926 -0.46453068 0.21050726 -0.43519856 -0.42830688
2.00000000 -0.39023468 1.11952759 0.04831049 -0.38637194 1.12639292 0.00806621 0.68539513 0.51919300 0.07170634 0.67465005 0.52433704 0.07018599 0.60731855 -0.52611477 -0.64776395 0.59404800 -0.54547197 -0.67956910 -0.35327242 -0.03287265 0.36213571 -0.39504852 -0.02554924 0.34686226 0.87955999 1.04246963 0.54334633 0.84221766 1.01534732 0.54608542 0.14068756 -0.43700951 -0.49703560 0.16795915 -0.41911030 -0.46518501
2.10000000 -0.31911883 1.17038424 0.05590332 -0.31975407 1.18188736 0.00890579 0.73750078 0.49714153 0.08024414 0.76807926 0.52741398 0.10514798 0.57157836 -0.52760025 -0.61053168 0.57064198 -0.53869299 -0.57595159 -0.36121856 0.00360591 0.38257587 -0.39951505 -0.01678104 0.36089091 0.89087288 0.99806998 0.49196900 0.90204224 0.96822253 0.49604832 0.08449490 -0.45048356 -0.53070303 0.12575569 -0.44624307 -0.50494655
2.20000000 -0.24261035 1.21877284 0.06437409 -0.22962705 1.19183757 0.07766698 0.79332350 0.46959666 0.08922087 0.79671173 0.43911146 0.10108442 0.53514268 -0.52529932 -0.57123505 0.51237544 -0.54353166 -0.53555944 -0.36712916 0.04291274 0.40342715 -0.35331008 0.01661661 0.41893917 0.89622743 0.95249569 0.43717182 0.93679263 0.93139803 0.43728692 0.02136594 -0.46027265 -0.56538163 0.02469725 -0.43202750 -0.55137924
2.30000000 -0.16031464 1.26406913 0.07375177 -0.14393435 1.27286677 0.11783705 0.85332672 0.43499051 0.09831408 0.86926107 0.40562805 0.11813634 0.49823122 -0.51891103 -0.52983179 0.47849600 -0.52837343 -0.53513216 -0.37067611 0.08542523 0.42471143 -0.38047557 0.11451149 0.45182168 0.89488317 0.90618850 0.37887105 0.88997712 0.89185492 0.36381864 -0.04964778 -0.46484152 -0.60069296 -0.07951934 -0.44478800 -0.58173580
2.40000000 -0.07179491 1.30546379 0.08402105 -0.08989450 1.30065027 0.11327208 0.91782251 0.39114936 0.10691973 0.88884790 0.39120561 0.07675791 0.46109948 -0.50809100 -0.48627835 0.43914213 -0.53842250 -0.49248341 -0.37146036 0.13164072 0.44642718 -0.37189443 0.11631134 0.46668875 0.88600673 0.85977264 0.31703683 0.89769897 0.89602185 0.34260361 -0.12938524 -0.46203251 -0.63588024 -0.11128535 -0.48010530 -0.66552135
2.50000000 0.02339563 1.34189393 0.09508446 0.01021796 1.35748737 0.12893017 0.98665311 0.33512743 0.11396194 0.98237963 0.38165936 0.12278221 0.42404738 -0.49243762 -0.44053364 0.44819843 -0.45491439 -0.43861758 -0.36899397 0.18222183 0.46852051 -0.38297218 0.15828638 0.43403668 0.86870216 0.81412491 0.25174476 0.88151502 0.84747830 0.23575759 -0.21819817 -0.44890885 -0.66953799 -0.22474542 -0.47423333 -0.66587819
2.60000000 0.12564153 1.37195818 0.10670217 0.11733213 1.39461911 0.09287003 1.05858321 0.26315351 0.11762851 1.05103717 0.27793537 0.14355717 0.38742876 -0.47147171 -0.39256681 0.42350275 -0.45993386 -0.42366588 -0.36268090 0.23806176 0.49082957 -0.39752019 0.24625487 0.52128127 0.84209073 0.77045795 0.18325996 0.83925584 0.73024716 0.17996900 -0.31521299 -0.42176137 -0.69921889 -0.33857087 -0.42504576 -0.72001101
2.70000000 0.23510768 1.39385308 0.11840529 0.21086107 1.38187188 0.11950346 1.13026602 0.17105874 0.11511469 1.15382651 0.16271075 0.08329194 0.35166309 -0.44461069 -0.34237244 0.33944440 -0.45378557 -0.31538123 -0.35180790 0.30035052 0.51298543 -0.35416019 0.28081812 0.47788840 0.80549443 0.73037068 0.11216239 0.83115314 0.74049845 0.10552261 -0.41704864 -0.37671776 -0.72100197 -0.44092033 -0.39783472 -0.69981405
2.80000000 0.35146653 1.40539212 0.12939425 0.33395309 1.44366566 0.15274954 1.19496241 0.05578100 0.10267663 1.21199344 0.09613857 0.09894486 0.31724625 -0.41113572 -0.28999898 0.33619245 -0.41189703 -0.30793173 -0.33556267 0.37062705 0.53424157 -0.35316377 0.34719458 0.49559665 0.75876481 0.69578754 0.03950604 0.80543279 0.68756757 0.05035001 -0.51619501 -0.31168168 -0.72936755 -0.51763535 -0.31290670 -0.71792157
2.90000000 0.47351972 1.40426803 0.13848667 0.47739329 1.39292942 0.13827739 1.24218586 -0.08145524 0.07670303 1.23529868 -0.11417082 0.07345068 0.28475758 -0.37015763 -0.23559891 0.33262958 -0.37491959 -0.23194924 -0.31311065 0.45073743 0.55322254 -0.28614960 0.48091811 0.54962436 0.70274807 0.66859230 -0.03305956 0.71414861 0.64480632 -0.06569589 -0.60048284 -0.23026056 -0.71825415 -0.59803849 -0.20388169 -0.74668286
3.00000000 0.59893632 1.38865570 0.14424397 0.60959596 1.39578274 0.14935204 1.26058608 -0.23181535 0.03617721 1.27629232 -0.20732756 0.04620601 0.25485520 -0.32059555 -0.17950519 0.25291072 -0.31430723 -0.17089655 -0.28373665 0.54261611 0.56764720 -0.27882342 0.54126007 0.53583577 0.63961749 0.64985037 -0.10336162 0.66165123 0.69392301 -0.10885797 -0.65652887 -0.14567393 -0.68382462 -0.69455772 -0.16622530 -0.69871285
3.10000000 0.72447572 1.35798458 0.14536337 0.72345498 1.39574318 0.16537116 1.24451968 -0.37984842 -0.01497800 1.25618457 -0.39942449 0.00087478 0.22825640 -0.26118781 -0.12233236 0.20865385 -0.28211188 -0.08929479 -0.24698619 0.64786730 0.57415036 -0.26443062 0.63610422 0.61782854 0.57261689 0.63885556 -0.16908031 0.55737477 0.60080675 -0.16404805 -0.67779014 -0.07904019 -0.62719664 -0.69242451 -0.07669275 -0.67342302
3.20000000 0.84682623 1.31325448 0.14115155 0.84605381 1.34558279 0.11925367 1.19825911 -0.51115017 -0.06906350 1.15693428 -0.53418602 -0.06170013 0.20571079 -0.19054627 -0.06508645 0.18313047 -0.21034949 -0.07622987 -0.20265183 0.76736405 0.56827466 -0.18003431 0.74678798 0.59414670 0.50504257 0.63279645 -0.22821719 0.50740438 0.61121290 -0.27261428 -0.66984058 -0.04934685 -0.55297962 -0.70689997 -0.07083573 -0.53247940
3.30000000 0.96347068 1.25653141 0.13169883 0.97300520 1.21505760 0.13509964 1.13224036 -0.61942789 -0.11883034 1.11298654 -0.62613619 -0.13291579 0.18798392 -0.10723834 -0.00927704 0.18751321 -0.08329591 -0.00687892 -0.15057900 0.90112969 0.54434993 -0.18073517 0.90649511 0.51913185 0.43917975 0.62747887 -0.27918687 0.46912399 0.63968976 -0.26263924 -0.64589907 -0.06448604 -0.46385574 -0.63056275 -0.04440491 -0.49132965
3.40000000 1.07293776 1.19009034 0.11766547 1.06711683 1.23500203 0.10063260 1.05596309 -0.70615538 -0.16029983 1.05643508 -0.72791508 -0.11862507 0.17586088 -0.00987116 0.04293044 0.20488052 0.01884475 0.03819972 -0.09053465 1.04832382 0.49471416 -0.13466402 1.05291863 0.49438670 0.37598431 0.61849214 -0.32037859 0.38223796 0.59248363 -0.28451060 -0.61810238 -0.12167007 -0.35617865 -0.61686747 -0.08262971 -0.33620718
3.50000000 1.17449836 1.11586826 0.09995121 1.15631290 1.12996456 0.10976035 0.97461683 -0.77580829 -0.19244346 1.00950633 -0.78114480 -0.20921792 0.17014275 0.10279782 0.08842987 0.14659244 0.13614639 0.09213949 -0.02256506 1.20653192 0.40775802 -0.04978210 1.18660351 0.39379132 0.31546646 0.60201713 -0.34942261 0.27620805 0.58183826 -0.33213182 -0.59288534 -0.21258806 -0.21817345 -0.56574681 -0.20372272 -0.21945830
3.60000000 1.26774569 1.03537105 0.07947263 1.25481801 0.99786464 0.09222914 0.88975773 -0.83211106 -0.21572703 0.88235514 -0.82588152 -0.21243755 0.17155592 0.23157934 0.12261448 0.13399754 0.24383673 0.09646732 0.05146267 1.36863722 0.26435075 0.01894948 1.38801559 0.27272520 0.25731748 0.57525942 -0.36228208 0.23438817 0.56387280 -0.33981882 -0.57009267 -0.32457804 -0.02773581 -0.55813282 -0.29493851 -0.05314302
3.70000000 1.35233112 0.94983765 0.05706681 1.35081704 0.93328625 0.06927483 0.80135214 -0.87659255 -0.23119364 0.77242278 -0.85513922 -0.25972720 0.18038406 0.37596615 0.13839529 0.18216253 0.41006727 0.12706269 0.12341852 1.51265231 0.03339829 0.10267633 1.49436279 0.06082691 0.20165402 0.53724102 -0.35202821 0.21612348 0.53304051 -0.36799601 -0.54053601 -0.43099315 0.25141897 -0.52595472 -0.38920537 0.24252070
3.80000000 1.42790916 0.86046276 0.03344593 1.46154407 0.86915846 0.01876086 0.70980883 -0.90874395 -0.24032153 0.70459156 -0.88831935 -0.20919554 0.19537181 0.53144305 0.12510971 0.20021153 0.51541941 0.15579593 0.16824464 1.57355766 -0.32144011 0.14896438 1.61749547 -0.32617938 0.15032026 0.49154812 -0.30755584 0.16992638 0.46480879 -0.30820492 -0.47653626 -0.45932243 0.66202204 -0.52197503 -0.45509558 0.66505558
3.90000000 1.49426439 0.76853723 0.00914558 1.46943455 0.74398990 0.01951691 0.61748236 -0.92751155 -0.24516301 0.60598770 -0.89621192 -0.21957892 0.21141915 0.68314987 0.07088990 0.22943342 0.68918836 0.05062764 0.13529952 1.40909442 -0.76329880 0.14055595 1.44013975 -0.75134467 0.10932297 0.45328486 -0.21618311 0.12633571 0.42587506 -0.23179012 -0.32406490 -0.25084178 1.16516492 -0.33657519 -0.21794138 1.16141911
4.00000000 1.55151740 0.67538511 -0.01551371 1.54975774 0.69516707 0.00218938 0.52847694 -0.93363065 -0.24776106 0.51622066 -0.88862616 -0.25351997 0.21923694 0.80303729 -0.02179531 0.22205822 0.77975186 -0.01134613 0.01254644 0.95517091 -1.03398174 0.00757910 0.96381029 -0.98729601 0.08896169 0.45235166 -0.08108814 0.07944549 0.47728663 -0.07627818 -0.07471092 0.26747104 1.47293078 -0.05116539 0.26858248 1.51531903
4.10000000 1.60018404 0.58213478 -0.04035683 1.61281298 0.55440487 -0.06625902 0.44611035 -0.93002072 -0.24882631 0.44248021 -0.92170552 -0.27700517 0.21448711 0.87394142 -0.12381936 0.18267687 0.86497026 -0.12744706 -0.09655814 0.48789039 -0.95958435 -0.07255988 0.49507573 -0.92109256 0.09347195 0.50664742 0.06474282 0.08670763 0.49324989 0.02084601 0.15098996 0.78864922 1.39056529 0.18068473 0.77262893 1.37561624
4.20000000 1.64099843 0.48961224 -0.06521745 1.63168127 0.48077820 -0.10229601 0.37148094 -0.91943275 -0.24806451 0.37102132 -0.95091787 -0.21224417 0.20236906 0.90709856 -0.20861761 0.17801414 0.93096889 -0.24465334 -0.13522713 0.20600877 -0.72806066 -0.14348717 0.18286727 -0.76023880 0.11608677 0.60249882 0.19121662 0.07649647 0.62715702 0.17628478 0.28777934 1.09253106 1.12914889 0.30389799 1.09777079 1.16311321
4.30000000 1.67473833 0.39842287 -0.08990934 1.67778460 0.43778171 -0.07462606 0.30458622 -0.90359570 -0.24550834 0.31576745 -0.88602972 -0.27186280 0.18899701 0.91998119 -0.26951514 0.23148672 0.94100733 -0.26545232 -0.12692043 0.06941148 -0.49497540 -0.14433654 0.02538268 -0.50350589 0.14895545 0.71949257 0.29059120 0.14708716 0.73489417 0.33013774 0.36205270 1.22640672 0.86373275 0.35882616 1.19853584 0.83566160
4.40000000 1.70216273 0.30902338 -0.11427625 1.67689636 0.31714710 -0.11110493 0.24509476 -0.88384729 -0.24166791 0.26109574 -0.92181266 -0.23434762 0.17769806 0.92355751 -0.30888341 0.16793661 0.93105397 -0.34857880 -0.09677181 0.01121754 -0.29896097 -0.09273569 0.00495160 -0.30680637 0.18738627 0.84471858 0.36533915 0.14988845 0.86477575 0.34241666 0.40249983 1.26718937 0.63841597 0.39890877 1.23874565 0.59783053
4.50000000 1.72398492 0.22174325 -0.13822003 1.75208970 0.25388790 -0.13754070 0.19242588 -0.86139695 -0.23713476 0.19495091 -0.88338792 -0.20746611 0.16994243 0.92354881 -0.33052614 0.18897115 0.92556547 -0.32188378 -0.05741082 -0.00663682 -0.13937084 -0.06865872 -0.00798735 -0.15763223 0.22883361 0.97132852 0.41961694 0.24312966 0.99904448 0.43868559 0.42405483 1.25921261 0.45321064 0.39691908 1.23101625 0.45173411
4.60000000 1.74084970 0.13679990 -0.16169484 1.76484461 0.10933965 -0.12773063 0.14580854 -0.83726018 -0.23234372 0.16648069 -0.85061882 -0.19408885 0.16633221 0.92293782 -0.33772366 0.16203299 0.93910804 -0.34530158 -0.01446305 -0.00296056 -0.00880618 -0.02991989 -0.02494704 0.02708216 0.27181414 1.09569509 0.45705766 0.28182979 1.13112907 0.47932733 0.43401025 1.22490585 0.30033660 0.43238253 1.20336512 0.32098287
4.70000000 1.75332051 0.05432190 -0.18468824 1.74973271 0.05758590 -0.22336281 0.10440928 -0.81219407 -0.22753138 0.09371643 -0.81670091 -0.27001371 0.16708428 0.92335796 -0.33302878 0.19999433 0.90061254 -0.30911248 0.02956396 0.01290576 0.09945711 0.04755563 -0.00870001 0.13729047 0.31537955 1.21581992 0.48051768 0.30692547 1.17060331 0.46116747 0.43622895 1.17572360 0.17252498 0.40204900 1.19990582 0.16555125
4.80000000 1.76187926 -0.02562516 -0.20720330 1.79156178 -0.01330887 -0.17768234 0.06744474 -0.78670913 -0.22278154 0.05520222 -0.75052567 -0.21647384 0.17224230 0.92576361 -0.31840649 0.20992236 0.92974354 -0.28736622 0.07352832 0.03618010 0.19044898 0.07446900 0.06743889 0.15589295 0.35887834 1.33054739 0.49221142 0.39515292 1.35153487 0.50404120 0.43297471 1.11768379 0.06422182 0.41269844 1.11701804 0.10491615
4.90000000 1.76693474 -0.10301672 -0.22924638 1.77625880 -0.13696653 -0.19930790 0.03424357 -0.76112381 -0.21808524 0.00392787 -0.73617127 -0.19800057 0.18176999 0.93075645 -0.29539366 0.21965164 0.94632761 -0.28682338 0.11690113 0.06436324 0.26776303 0.12387640 0.08498951 0.24180717 0.40184034 1.43916990 0.49387584 0.38759604 1.45087362 0.53987104 0.42568176 1.05399611 -0.02862686 0.42219722 1.02204677 -0.02379762
5.00000000 1.76883524 -0.17785298 -0.25082037 1.74279270 -0.15678712 -0.27674328 0.00426453 -0.73562716 -0.21338890 -0.01731848 -0.71755640 -0.17600136 0.19559431 0.93875576 -0.26522424 0.23376129 0.93711702 -0.26414995 0.15943311 0.09615796 0.33394040 0.19876523 0.09329572 0.32475035 0.44391235 1.54121599 0.48690273 0.48808077 1.54193081 0.47718989 0.41530709 0.98635624 -0.10894683 0.41307001 0.97963423 -0.09450282
5.10000000 1.76788100 -0.25014880 -0.27192189 1.80057280 -0.26912824 -0.26801085 -0.02291050 -0.71032897 -0.20862504 -0.02475873 -0.70726541 -0.23960372 0.21362465 0.95008765 -0.22891660 0.21607486 0.92285547 -0.20005973 0.20100698 0.13095023 0.39077080 0.17923982 0.10044360 0.37279800 0.48482102 1.63633739 0.47243354 0.48100110 1.60853301 0.47996449 0.40250528 0.91559220 -0.17883586 0.39707717 0.93800945 -0.18859733
5.20000000 1.76433603 -0.31992770 -0.29254104 1.79071227 -0.31817157 -0.27268203 -0.04759586 -0.68529816 -0.20373167 -0.02071848 -0.71811002 -0.19680166 0.23576189 0.96503859 -0.18733930 0.24806949 0.98979834 -0.21337625 0.24156690 0.16853436 0.43950906 0.25430721 0.17486803 0.44045034 0.52434784 1.72424122 0.45143301 0.53421164 1.69977311 0.46543113 0.38773207 0.84202154 -0.23978312 0.41607207 0.87090565 -0.21867049
5.30000000 1.75843704 -0.38721904 -0.31266233 1.77539447 -0.39315701 -0.28782438 -0.07002310 -0.66058579 -0.19866221 -0.03745717 -0.64729180 -0.16902650 0.26190334 0.98388940 -0.14125580 0.29441080 0.95904649 -0.15262819 0.28108645 0.20897107 0.48100575 0.24074063 0.22151564 0.49586019 0.56231245 1.80464822 0.42474069 0.57167695 1.76824096 0.42173119 0.37130662 0.76563979 -0.29280371 0.38610592 0.72728712 -0.30748153
5.40000000 1.75040091 -0.45205708 -0.33226673 1.72668816 -0.48261451 -0.33331973 -0.09036366 -0.63624027 -0.19339098 -0.11443167 -0.65449816 -0.22001382 0.29194425 1.00693632 -0.09136133 0.33559413 1.02302104 -0.10820818 0.31955703 0.25251487 0.51579699 0.32601605 0.25245089 0.53800447 0.59856158 1.87726800 0.39311491 0.59700730 1.86047568 0.41982338 0.35345291 0.68622111 -0.33853289 0.36579864 0.70149418 -0.30948062
5.50000000 1.74042954 -0.51448106 -0.35133367 1.76423351 -0.53419320 -0.32372480 -0.10874677 -0.61231388 -0.18791483 -0.14209281 -0.58107885 -0.17303766 0.32577987 1.03450922 -0.03831070 0.28187620 1.02840807 -0.04378959 0.35698180 0.29956936 0.54414726 0.36880361 0.34194278 0.54827730 0.63296073 1.94177845 0.35726662 0.64732833 1.94610192 0.32507760 0.33432894 0.60337681 -0.37727213 0.33778254 0.62364334 -0.41387323
5.60000000 1.72871329 -0.57453576 -0.36984347 1.73467387 -0.56530150 -0.33504346 -0.12527745 -0.58886485 -0.18225258 -0.11221058 -0.57631851 -0.20901221 0.36330628 1.06698514 0.01725376 0.36893045 1.07828102 0.00308758 0.39337562 0.35067173 0.56605928 0.37515900 0.33236561 0.54546340 0.66538883 1.99781142 0.31789385 0.63042056 1.96256753 0.31273676 0.31404924 0.51657536 -0.40900096 0.34251964 0.48952116 -0.42846249
5.70000000 1.71543271 -0.63227203 -0.38777925 1.71105251 -0.59419248 -0.41232457 -0.14004846 -0.56595585 -0.17644284 -0.12064217 -0.56355397 -0.13149136 0.40442150 1.10480051 0.07467796 0.41381219 1.13819962 0.05117138 0.42876318 0.40648464 0.58125734 0.44298632 0.36698378 0.57181269 0.69573492 2.04493947 0.27571136 0.67609665 2.05760842 0.24569647 0.29270200 0.42514959 -0.43336095 0.28239793 0.41546751 -0.44746930
5.80000000 1.70075920 -0.68774702 -0.40512891 1.71970326 -0.69031971 -0.36606020 -0.15315172 -0.54364961 -0.17053978 -0.17015651 -0.55740130 -0.13989882 0.44902625 1.14846521 0.13326103 0.45965890 1.14684387 0.15243469 0.46317031 0.46779389 0.58911699 0.44990597 0.46474398 0.63295958 0.72389647 2.08266041 0.23149247 0.71372825 2.09219626 0.24213094 0.27037305 0.32829389 -0.44958189 0.24029925 0.36193649 -0.44212519
5.90000000 1.68485473 -0.74102399 -0.42188628 1.67709306 -0.72048823 -0.41297560 -0.16468451 -0.52200422 -0.16460878 -0.12869236 -0.53759382 -0.14991873 0.49702358 1.19857349 0.19222160 0.46242168 1.23217032 0.19316170 0.49661219 0.53552147 0.58856105 0.48829760 0.53889874 0.59329087 0.74978006 2.11038481 0.18610855 0.72970951 2.14423603 0.18855222 0.24716692 0.22504363 -0.45637021 0.24008043 0.20876404 -0.43536454
6.00000000 1.66787110 -0.79217150 -0.43805209 1.70872533 -0.77715901 -0.44263762 -0.17475372 -0.50106722 -0.15872051 -0.19400084 -0.48274165 -0.15671299 0.54831537 1.25581773 0.25063608 0.51235730 1.26595593 0.27659454 0.52905067 0.61069961 0.57785541 0.49882018 0.59848539 0.55990236 0.77330634 2.12741942 0.14059952 0.76818129 2.17170827 0.13844509 0.22326014 0.11429697 -0.45168669 0.20272178 0.10696898 -0.44631561
6.10000000 1.64994887 -0.84126215 -0.45363417 1.69004321 -0.84613962 -0.42898477 -0.18347700 -0.48087083 -0.15294568 -0.17884182 -0.48889731 -0.15273703 0.60279549 1.32099978 0.30736507 0.59132423 1.28663742 0.33695776 0.56033323 0.69445841 0.55428252 0.56358273 0.73065318 0.58786708 0.79441899 2.13295293 0.09625701 0.78719415 2.08999542 0.07420242 0.19897136 -0.00517717 -0.43238574 0.21442029 -0.01582953 -0.39060618
6.20000000 1.63121633 -0.88837080 -0.46864719 1.60895563 -0.92849386 -0.46286322 -0.19098171 -0.46142774 -0.14734949 -0.21807001 -0.44364775 -0.12222202 0.66033005 1.39503071 0.36092472 0.70062424 1.37938447 0.38454436 0.59004029 0.78784380 0.51359556 0.58184656 0.79504374 0.49106156 0.81310829 2.12605395 0.05476867 0.82798361 2.15885080 0.03178107 0.17493181 -0.13453960 -0.39360815 0.16535317 -0.13859233 -0.37306019
6.30000000 1.61178866 -0.93357250 -0.48311186 1.57462709 -0.93236794 -0.49196231 -0.19740260 -0.44272811 -0.14198675 -0.17722828 -0.46261725 -0.10456918 0.72071991 1.47890966 0.40929447 0.71547734 1.45511271 0.42286386 0.61720135 0.89141205 0.44908595 0.64513691 0.91844640 0.43167988 0.82945427 2.10569226 0.01843355 0.79542632 2.09364155 0.00618027 0.15240173 -0.27442842 -0.32773825 0.14093310 -0.26522414 -0.35121228
6.40000000 1.59176731 -0.97694009 -0.49705366 1.55876772 -0.97099164 -0.49174337 -0.20287848 -0.42473775 -0.13689708 -0.23816349 -0.42404611 -0.16447772 0.78361627 1.57361788 0.44959846 0.76509159 1.60786965 0.44330248 0.63966113 1.00396740 0.35006953 0.62900528 0.97357377 0.33122505 0.84372256 2.07085500 -0.00948118 0.87774118 2.03937489 -0.02468792 0.13397933 -0.42354113 -0.22270688 0.15024756 -0.45566501 -0.21009837
6.50000000 1.57123982 -1.01854175 -0.51050105 1.55931021 -0.98180544 -0.47954128 -0.20754852 -0.40739761 -0.13209968 -0.23312530 -0.39381422 -0.16107249 0.84834501 1.67980651 0.47760730 0.88910457 1.68608256 0.46497416 0.65274329 1.11921138 0.19975744 0.64864466 1.11726039 0.15090712 0.85656209 2.02089486 -0.02418189 0.87228887 2.00894963 0.01175482 0.12509945 -0.57486580 -0.05960252 0.11236675 -0.56337094 -0.07595751
6.60000000 1.55027996 -1.05843858 -0.52348312 1.56649610 -1.07039282 -0.55084649 -0.21154753 -0.39062589 -0.12758652 -0.20904586 -0.35310501 -0.12279665 0.91353226 1.79690996 0.48704263 0.91238553 1.75524517 0.47410611 0.64653349 1.21689087 -0.02583666 0.65178666 1.22832217 -0.02556882 0.86942625 1.95652452 -0.01856907 0.85766849 1.98356108 -0.02044558 0.13708424 -0.70571986 0.18854939 0.12423679 -0.68369935 0.16370846
6.70000000 1.52894857 -1.09668271 -0.53602641 1.54202255 -1.05539321 -0.51680004 -0.21499775 -0.37432788 -0.12331345 -0.22925114 -0.41986399 -0.11311889 0.97638966 1.92087916 0.46917880 0.98428090 1.91130274 0.46085828 0.60217682 1.24344712 -0.34774126 0.57627968 1.27273241 -0.34172717 0.88537591 1.88236433 0.01720686 0.87641436 1.88030321 0.03556388 0.19129827 -0.75596816 0.54535073 0.21059671 -0.76737740 0.53497104
6.80000000 1.50729554 -1.13331725 -0.54815102 1.51446891 -1.17300983 -0.55674943 -0.21799212 -0.35842501 -0.11919614 -0.23407280 -0.38587266 -0.10936519 1.03190562 2.03982336 0.41526242 1.01527416 2.03235149 0.46058617 0.49707078 1.09719132 -0.73111151 0.50401682 1.08187731 -0.68952834 0.90998675 1.81184528 0.09301856 0.93104900 1.81216871 0.07802972 0.31328553 -0.61130897 0.97149562 0.35860411 -0.61847532 0.96397978
6.90000000 1.48536395 -1.16838045 -0.55986750 1.49154483 -1.17260990 -0.52563892 -0.22057061 -0.34290786 -0.11513711 -0.25145019 -0.32922110 -0.10390279 1.07414632 2.13230878 0.32654259 1.08841784 2.14543693 0.36360584 0.34511783 0.72028339 -1.00609093 0.34992207 0.72738210 -0.97406605 0.94988045 1.76912819 0.20747396 0.91350235 1.76900595 0.18092324 0.48745571 -0.20668399 1.27577369 0.50451721 -0.16523999 1.29702287
7.00000000 1.46319558 -1.20191421 -0.57117902 1.43596824 -1.18491797 -0.56025171 -0.22272465 -0.32785234 -0.11109902 -0.24533577 -0.33332452 -0.13474208 1.10186162 2.18143908 0.22325469 1.08048362 2.17498212 0.18287570 0.21945614 0.27121105 -1.01590818 0.24728431 0.30295641 -1.04015802 1.00641119 1.77327380 0.33781226 1.05307701 1.78240074 0.32273494 0.63151766 0.27970299 1.28177048 0.61987211 0.25266457 1.24615786
7.10000000 1.44083328 -1.23396883 -0.58208967 1.47397177 -1.20095342 -0.59123144 -0.22445224 -0.31333096 -0.10713219 -0.22600136 -0.33929738 -0.12414622 1.12034131 2.19083111 0.12950622 1.13899663 2.19440281 0.11153963 0.16060714 -0.05696670 -0.84227435 0.15051569 -0.09614535 -0.87109113 1.07357442 1.82027603 0.45691759 1.08958541 1.78124973 0.43721947 0.69988226 0.63075124 1.08147389 0.72871715 0.65247287 1.09791665
7.20000000 1.41831817 -1.26459810 -0.59261020 1.41867896 -1.29287942 -0.60155371 -0.22578918 -0.29933863 -0.10330620 -0.25546222 -0.30034773 -0.13195964 1.13559242 2.17488662 0.05613205 1.12045710 2.20603500 0.08244557 0.15009712 -0.24177638 -0.62536893 0.11849832 -0.23619925 -0.63631216 1.14456081 1.89400018 0.55261419 1.12013006 1.93363538 0.55276932 0.71337722 0.82117171 0.83267280 0.69092511 0.83093057 0.81905456
7.30000000 1.39568667 -1.29385218 -0.60275685 1.38704651 -1.30933802 -0.60628027 -0.22678912 -0.28581490 -0.09965713 -0.23048658 -0.25624574 -0.07754257 1.15113732 2.14562968 0.00377607 1.16047271 2.13548830 0.00464650 0.16330433 -0.33143975 -0.42664193 0.17958448 -0.31273324 -0.44742207 1.21536217 1.98098184 0.62419798 1.19757491 1.94956196 0.65198304 0.69976902 0.90513834 0.60454358 0.72367468 0.90604855 0.58881452
7.40000000 1.37296992 -1.32177424 -0.61254761 1.37857917 -1.35979729 -0.59961163 -0.22750145 -0.27268634 -0.09618692 -0.24349909 -0.31539777 -0.08716841 1.16857886 2.11040879 -0.03024083 1.20900944 2.09211437 -0.05271999 0.18651757 -0.36621509 -0.25883926 0.20792509 -0.37883548 -0.30123509 1.28413638 2.07300791 0.67470545 1.29661480 2.06336146 0.66378176 0.67454454 0.92784991 0.41142782 0.68901363 0.92119493 0.43980026
7.50000000 1.35019470 -1.34840044 -0.62199961 1.36292755 -1.35597813 -0.61722842 -0.22796397 -0.25988802 -0.09287790 -0.20831804 -0.25407627 -0.11985892 1.18856159 2.07342081 -0.04894650 1.17450221 2.04747971 -0.03295897 0.21346208 -0.36962138 -0.11961741 0.18605504 -0.37232417 -0.08334052 1.35012484 2.16540214 0.70756433 1.37219303 2.20296430 0.70236082 0.64481013 0.91568407 0.25066696 0.63269212 0.93742552 0.26408417
7.60000000 1.32738456 -1.37376116 -0.63112770 1.31891679 -1.36052682 -0.60358192 -0.22820327 -0.24736955 -0.08970410 -0.21036428 -0.22757514 -0.10806221 1.21130270 2.03709612 -0.05494417 1.20391256 2.02287656 -0.01411147 0.24139930 -0.35448733 -0.00381667 0.23665363 -0.34149561 0.00770711 1.41305377 2.25546832 0.72572182 1.41435546 2.29178282 0.71002201 0.61367987 0.88301018 0.11642388 0.62188287 0.89925941 0.11719227
7.70000000 1.30456088 -1.39788247 -0.63994401 1.32215508 -1.41877117 -0.67254420 -0.22823724 -0.23509511 -0.08663779 -0.21856585 -0.23904465 -0.10467015 1.23683475 2.00290370 -0.05033219 1.26091766 1.98850297 -0.05924513 0.26915995 -0.32783573 0.09328052 0.25170914 -0.32086253 0.06108580 1.47285980 2.34158643 0.73155373 1.47288652 2.30194093 0.71518507 0.58249161 0.83768408 0.00335665 0.61327827 0.82600756 0.01591860
7.80000000 1.28174356 -1.42078753 -0.64845796 1.31342304 -1.40545599 -0.63715850 -0.22807776 -0.22304157 -0.08365277 -0.21624038 -0.25787419 -0.08785325 1.26511292 1.97178092 -0.03678732 1.23799876 1.95791230 -0.06302615 0.29627515 -0.29357979 0.17536991 0.28107420 -0.31557027 0.14991968 1.52956852 2.42273088 0.72695819 1.51244918 2.46305837 0.71081091 0.55178766 0.78407923 -0.09272518 0.52345244 0.80454538 -0.09628402
7.90000000 1.25895151 -1.44249772 -0.65667651 1.26131483 -1.42387798 -0.69090292 -0.22773285 -0.21119625 -0.08072612 -0.22833705 -0.19783336 -0.11865644 1.29606306 1.94436641 -0.01566541 1.29400408 1.92619604 -0.00307909 0.32259277 -0.25393068 0.24521364 0.30717213 -0.23485485 0.28773213 1.58323968 2.49820994 0.71346922 1.59562945 2.48994757 0.68371930 0.52174920 0.72466733 -0.17495770 0.54517514 0.71255463 -0.21103384
8.00000000 1.23620297 -1.46303357 -0.66460450 1.26607564 -1.46442863 -0.70251994 -0.22720838 -0.19955478 -0.07783894 -0.20719473 -0.16850222 -0.10863915 1.32960448 1.92113238 0.01191519 1.36878735 1.91462193 -0.00244690 0.34810345 -0.21013256 0.30483322 0.36427924 -0.17752314 0.30168772 1.63394125 2.56751803 0.69235103 1.60845693 2.53837985 0.70910305 0.49239409 0.66084260 -0.24563871 0.49749582 0.69302189 -0.21490857
8.10000000 1.21351565 -1.48241553 -0.67224512 1.21724419 -1.47354019 -0.63950787 -0.22650930 -0.18811917 -0.07497674 -0.18944649 -0.21601775 -0.08699709 1.36565879 1.90245594 0.04500976 1.35828074 1.90995425 0.00285010 0.37286522 -0.16284378 0.35569231 0.38395062 -0.14918371 0.31990879 1.68173929 2.63025647 0.66467042 1.69761819 2.64167328 0.67870730 0.46366326 0.59334821 -0.30643293 0.43751216 0.55982967 -0.28334840
8.20000000 1.19090676 -1.50066448 -0.67960034 1.18927947 -1.47806702 -0.67847438 -0.22564064 -0.17689601 -0.07212948 -0.27060560 -0.16398516 -0.06067726 1.40415533 1.88866967 0.08279644 1.44913709 1.89880540 0.07443374 0.39696145 -0.11236555 0.39882286 0.40999395 -0.10341818 0.39740933 1.72669180 2.68607723 0.63135443 1.70663409 2.68944839 0.61585824 0.43546917 0.52253126 -0.35851387 0.44965504 0.52656798 -0.35595010
8.30000000 1.16839299 -1.51780213 -0.68667132 1.18576980 -1.52897367 -0.69029094 -0.22460810 -0.16589490 -0.06929143 -0.20617994 -0.16195129 -0.08061252 1.44503207 1.88008729 0.12454007 1.46587799 1.90917349 0.10476107 0.42048618 -0.05874993 0.43491379 0.45711420 -0.03543721 0.44063537 1.76884769 2.73465446 0.59323157 1.75547877 2.77953078 0.60790999 0.40771317 0.44846230 -0.40266372 0.41912805 0.47655453 -0.37526563
8.40000000 1.14599038 -1.53385123 -0.69345887 1.15175528 -1.50560520 -0.71025052 -0.22341845 -0.15512683 -0.06646092 -0.24775863 -0.16891735 -0.06446455 1.48823658 1.87702807 0.16955809 1.49966609 1.88345620 0.20030831 0.44353063 -0.00187982 0.46436222 0.42277610 0.00341727 0.43009349 1.80824587 2.77565746 0.55107074 1.80611497 2.75915618 0.55836401 0.38030110 0.37102333 -0.43933134 0.35064265 0.34251176 -0.45973641
8.50000000 1.12371427 -1.54883564 -0.69996382 1.11938526 -1.52771849 -0.69486057 -0.22207971 -0.14460291 -0.06363990 -0.21623018 -0.16113656 -0.09055877 1.53372509 1.87982850 0.21719577 1.52066964 1.84117482 0.23443594 0.46618013 0.05850599 0.48729701 0.45786331 0.02008560 0.45887291 1.84491643 2.80873748 0.50560952 1.83864908 2.82983757 0.46304601 0.35314699 0.28993441 -0.46865926 0.31468412 0.26213954 -0.46176764
8.60000000 1.10157910 -1.56278029 -0.70618733 1.09216283 -1.58251792 -0.69579086 -0.22060118 -0.13433307 -0.06083341 -0.17469218 -0.13674181 -0.06157979 1.58146177 1.88885879 0.26679587 1.57941645 1.88110217 0.25025211 0.48850341 0.12277980 0.50357287 0.47390308 0.15025639 0.48735179 1.87888163 2.83350922 0.45758881 1.86342049 2.81671826 0.43298878 0.32618514 0.20478907 -0.49047771 0.29644431 0.20274728 -0.49536303
8.70000000 1.07959835 -1.57571098 -0.71213123 1.08514357 -1.55482097 -0.75558403 -0.21899319 -0.12432504 -0.05804904 -0.20649745 -0.11535595 -0.01358594 1.63141658 1.90453061 0.31767355 1.65131760 1.93533493 0.33550623 0.51054747 0.19143317 0.51273354 0.52912830 0.15533525 0.49107220 1.91015841 2.84954180 0.40778130 1.91772728 2.84074115 0.43359032 0.29937559 0.11504399 -0.50426394 0.33136191 0.11524748 -0.47462503
8.80000000 1.05778441 -1.58765418 -0.71779819 1.02547550 -1.60274987 -0.70562934 -0.21726687 -0.11458341 -0.05529617 -0.20356783 -0.15216659 -0.04956025 1.68356222 1.92731082 0.36907820 1.69868729 1.93459757 0.37872414 0.53231709 0.26505165 0.51394248 0.50956908 0.26355180 0.48594271 1.93876200 2.85634305 0.35703476 1.93363361 2.84221619 0.36185994 0.27272687 0.02004617 -0.50906508 0.29282984 0.03761089 -0.50156422
8.90000000 1.03614854 -1.59863658 -0.72319187 1.04864822 -1.59105960 -0.76807141 -0.21543369 -0.10510896 -0.05258530 -0.22510733 -0.11985136 -0.06739899 1.73786896 1.95772978 0.42015207 1.78092886 1.95109703 0.40731020 0.55375075 0.34432638 0.50584035 0.58704179 0.31226051 0.51121739 1.96471175 2.85334972 0.30631875 1.97731764 2.86014347 0.34449212 0.24632252 -0.08098097 -0.50333877 0.20331133 -0.06926050 -0.50519135
9.00000000 1.01470085 -1.60868477 -0.72831701 0.99837248 -1.61829874 -0.71034380 -0.21350499 -0.09589811 -0.04992730 -0.19669761 -0.13067853 -0.03074702 1.79429554 1.99638949 0.46986857 1.79780808 1.95983764 0.46200451 0.57466801 0.42999585 0.48635462 0.59659501 0.42135987 0.50487280 1.98804145 2.83991778 0.25679413 1.98992868 2.82256437 0.25542901 0.22037973 -0.18887270 -0.48473983 0.22802503 -0.19032219 -0.47408572
9.10000000 0.99345037 -1.61782471 -0.73317944 0.99657245 -1.61193532 -0.70576060 -0.21149144 -0.08694247 -0.04733258 -0.22361723 -0.08341902 -0.07589649 1.85277244 2.04396566 0.51693917 1.89655737 2.03298140 0.50965518 0.59467046 0.52275788 0.45230639 0.61137449 0.52879982 0.45233480 2.00881805 2.81531953 0.20991774 2.03825624 2.78792849 0.20288722 0.19536002 -0.30442453 -0.44967897 0.21963442 -0.29339786 -0.47156800
9.20000000 0.97240508 -1.62608132 -0.73778595 0.98354041 -1.61651367 -0.73788660 -0.20940243 -0.07822862 -0.04481034 -0.20741992 -0.08708002 -0.03887189 1.91317347 2.10119115 0.55968664 1.90801660 2.14389574 0.54451964 0.61296540 0.62299203 0.39888689 0.59202099 0.61769658 0.41632602 2.02717350 2.77876161 0.16758496 2.04357809 2.78252886 0.18856341 0.17216696 -0.42808025 -0.39273483 0.14875954 -0.43977121 -0.37729143
9.30000000 0.95157214 -1.63347788 -0.74214416 0.94365333 -1.66533010 -0.74709720 -0.20724548 -0.06973793 -0.04236753 -0.25306383 -0.06300861 -0.03919685 1.97525823 2.16879493 0.59582880 1.97911529 2.21255811 0.58787269 0.62799029 0.73006122 0.31869680 0.65427354 0.72584051 0.30681593 2.04336931 2.72945305 0.13237279 2.06544776 2.75449620 0.09668736 0.15256777 -0.55914646 -0.30557449 0.16237696 -0.51276713 -0.32079613
9.40000000 0.93095808 -1.64003556 -0.74626222 0.93349834 -1.67040045 -0.77221626 -0.20502551 -0.06144656 -0.04000768 -0.18360971 -0.04150918 -0.01210986 2.03856338 2.24732460 0.62216304 2.01958981 2.27685001 0.63574080 0.63667806 0.84055327 0.20044104 0.67725632 0.84562237 0.17664906 2.05791860 2.66680427 0.10789437 2.09361938 2.69619542 0.09070729 0.14001906 -0.69381423 -0.17548658 0.15418721 -0.68453171 -0.14472344
9.50000000 0.91056908 -1.64577289 -0.75014842 0.92754132 -1.63885431 -0.74651414 -0.20274424 -0.05332604 -0.03772924 -0.19235185 -0.00588359 -0.03823617 2.10218765 2.33668660 0.63410277 2.13874155 2.33955283 0.64060543 0.63300459 0.94395208 0.02759819 0.61713932 0.91585556 0.05770151 2.07182755 2.59094369 0.09931990 2.11242238 2.57860770 0.10492684 0.14130014 -0.82028854 0.01611359 0.15738414 -0.81278694 0.04503005
9.60000000 0.89041133 -1.65070543 -0.75381050 0.91910855 -1.64275558 -0.74585190 -0.20039975 -0.04534536 -0.03552341 -0.18499740 -0.06588325 -0.05646061 2.16438051 2.43499524 0.62518999 2.16728676 2.39469573 0.59750077 0.60555469 1.01260619 -0.21972530 0.58558514 1.00362846 -0.23593397 2.08705776 2.50401214 0.11392439 2.07101828 2.51176181 0.14038755 0.16925066 -0.90750027 0.29159522 0.17554149 -0.86487274 0.27438028
9.70000000 0.87049140 -1.65484568 -0.75725492 0.88916907 -1.66369929 -0.75753110 -0.19798714 -0.03747663 -0.03337210 -0.19754753 -0.01126570 -0.06079761 2.22190274 2.53604746 0.58742008 2.21634873 2.49783767 0.61677127 0.53626044 0.98503375 -0.54693092 0.57575388 0.96441778 -0.55021844 2.10724517 2.41300370 0.16072107 2.06574131 2.42395693 0.17315905 0.24419093 -0.88631718 0.65701240 0.25545990 -0.90093352 0.64114479
9.80000000 0.85081633 -1.65820402 -0.76048588 0.89256407 -1.68272617 -0.75019665 -0.19550207 -0.02970709 -0.03124962 -0.22506099 -0.05062093 -0.03092909 2.26977572 2.62574083 0.51518079 2.26205970 2.66019621 0.51306879 0.41284677 0.77215515 -0.88813497 0.39287389 0.74758117 -0.88135395 2.13798190 2.33379660 0.24602896 2.15578533 2.35211069 0.25307725 0.37992497 -0.65654068 1.03821387 0.42152952 -0.66888884 1.01785709
9.90000000 0.83139331 -1.66079087 -0.76350509 0.84036333 -1.70023592 -0.77148627 -0.19294754 -0.02205135 -0.02913509 -0.15516025 -0.01349742 -0.05498443 2.30365001 2.68395064 0.41504481 2.32407448 2.70045199 0.40760652 0.26651362 0.37160876 -1.07455934 0.28313145 0.37432225 -1.08665567 2.18415210 2.28904411 0.36245594 2.17293595 2.29983234 0.31527630 0.54135661 -0.21549568 1.24529812 0.53185213 -0.17729845 1.22169600
10.00000000 0.81222871 -1.66261916 -0.76631319 0.85218878 -1.67711103 -0.78662469 -0.19033646 -0.01454087 -0.02703004 -0.22971613 -0.03344592 -0.00684255 2.32456848 2.69971997 0.30867826 2.33241419 2.73242623 0.33281690 0.16269624 -0.04130990 -1.01720463 0.12781691 -0.03724795 -1.01411809 2.24457458 2.29108898 0.48562845 2.23007867 2.27481199 0.47158862 0.65488731 0.23964973 1.17814275 0.67106404 0.25737161 1.21699117
