t  nC  #SvFver_62_tbl
	0.0	12.0
	1.0	33.0
	2.0	12.0
	3.0	48.0
	4.0	71.0
	5.0	28.000000000000004
	6.0	120.0
	7.0	136.0
	8.0	157.0
	9.0	114.0
	10.0	197.0
	11.0	212.0
	12.0	387.0
	13.0	267.0
	14.0	595.0
	15.0	448.00000000000006
	16.0	434.0
	17.0	536.0
	18.0	591.0
	19.0	697.0
	20.0	660.0
	21.0	857.0
	22.0	1124.0
	23.0	1030.0
	24.0	1306.0
	25.0	1461.0
	26.0	1489.0
	27.0	1774.0
	28.0	1370.0
	29.0	1959.0
	30.0	2649.0
	31.0	3570.0
	32.0	2026.0
	33.0	3083.0
	34.0	2548.0
	35.0	1959.0
	36.0	2957.0
	37.0	2612.0
	38.0	2971.0
	39.0	2871.0
	40.0	3075.0
	41.0	2220.0
	42.0	3093.0
	43.0	3561.0000000000005
	44.0	5358.0
	45.0	5948.0
	46.0	5795.0
	47.0	5714.0
	48.0	5858.0
	49.0	6703.0
	50.0	5846.0
	51.0	5667.0
	52.0	5551.0
	53.0	6169.0
	54.0	5392.0
	55.0	4703.0
	56.0	4712.0
	57.0	4748.0
	58.0	3505.0
	59.0	3855.0
	60.0	3238.0
	61.0	3545.0
	62.0	2699.0
	63.0	2913.0
	64.0	2998.0
	65.0	3190.0
	66.0	2516.0
	67.0	2560.0
	68.0	2830.0
	69.0	2140.0
	70.0	2054.0
	71.0	2332.0
	72.0	2367.0
	73.0	2595.0
	74.0	2297.0
	75.0	2286.0
	76.0	1842.0
	77.0	1998.0
	78.0	1855.0
	79.0	1991.9999999999998
	80.0	1956.0000000000002
	81.0	2001.0
	82.0	1572.0
	83.0	1195.0
	84.0	1436.0
	85.0	1714.0
	86.0	1493.0
	87.0	1477.0
	88.0	1359.0
	89.0	1416.0
	90.0	1065.0
	91.0	1040.0
	92.0	1136.0
	93.0	1057.0
	94.0	968.0000000000001
	95.0	1046.0
	96.0	1081.0
	97.0	810.9999999999999
	98.0	885.0000000000001
	99.0	813.0000000000001
	100.0	750.0
	101.0	717.0
	102.0	782.0
	103.0	745.0
	104.0	611.0
	105.0	662.0
	106.0	659.0
	107.0	680.0
	108.0	650.0
	109.0	685.0
	110.0	629.0
	111.0	621.0
	112.0	568.0
	113.0	637.0
	114.0	678.0
	115.0	679.0
	116.0	672.0
	117.0	613.0
	118.0	628.0
	119.0	531.0
	120.0	575.0
	121.0	578.0
	122.0	591.0
	123.0	578.0
	124.0	602.0
	125.0	638.0
	126.0	608.0
	127.0	645.0
	128.0	648.0
	129.0	683.0
	130.0	694.0
	131.0	674.0
	132.0	671.0
	133.0	678.0
	134.0	695.0
	135.0	690.0
	136.0	664.0
	137.0	693.0
	138.0	691.0
	139.0	687.0
	140.0	684.0
	141.0	686.0
	142.0	691.0
	143.0	689.0
	144.0	694.0
	145.0	694.0
	146.0	689.0
	147.0	692.0
	148.0	688.0
	149.0	695.0
	150.0	688.0
	151.0	690.0
	152.0	693.0
	153.0	691.0
	154.0	688.0
	155.0	690.0
	156.0	687.0
	157.0	611.0
	158.0	625.0
	159.0	681.0
	160.0	640.0
	161.0	637.0
	162.0	654.0
	163.0	677.0
	164.0	695.0
	165.0	685.0
	166.0	641.0
	167.0	625.0
	168.0	690.0
	169.0	692.0
	170.0	671.0
	171.0	620.0
	172.0	690.0
	173.0	695.0
	174.0	642.0
	175.0	695.0
	176.0	698.0
	177.0	670.0
	178.0	650.0
	179.0	696.0
	180.0	730.0
	181.0	750.0
	182.0	730.0
	183.0	805.0
	184.0	835.0000000000001
	185.0	860.0
	186.0	914.9999999999999
	187.0	980.0
	188.0	970.0
	189.0	1050.0
	190.0	1560.0
	191.0	1792.0000000000002
	192.0	2016.0000000000002
	193.0	2217.0
	194.0	2300.0
	195.0	2308.0
	196.0	2424.0
	197.0	2704.0
	198.0	2884.0
	199.0	3327.0
	200.0	3537.0
	201.0	4082.0
	202.0	3229.0
	203.0	3323.0
	204.0	3701.0
	205.0	4105.0
	206.0	4501.0
	207.0	4395.0
	208.0	4618.0
	209.0	4573.0
	210.0	3941.9999999999995
	211.0	5049.0
	212.0	4648.0
	213.0	4610.0
	214.0	5376.0
	215.0	4999.0
	216.0	4389.0
	217.0	4413.0
	218.0	5478.0
	219.0	4453.0
	220.0	4455.0
	221.0	5224.0
	222.0	4312.0
	223.0	3670.0
	224.0	4906.0
	225.0	5268.0
	226.0	4952.0
	227.0	5261.0
	228.0	4796.0
	229.0	5150.0
	230.0	5826.0
	231.0	5255.0
	232.0	6253.0
	233.0	5829.0
	234.0	5751.0
	235.0	6897.0
	236.0	5902.0
	237.0	4477.0
	238.0	5997.0
	239.0	5974.0
	240.0	6427.0
	241.0	6271.0
	242.0	6360.0
	243.0	5882.0
	244.0	4174.0
	245.0	6438.0
	246.0	6902.0
	247.0	7168.000000000001
	248.0	6575.000000000001
	249.0	6865.999999999999
	250.0	5838.0
	251.0	4685.0
	252.0	6075.0
	253.0	7918.0
	254.0	7319.999999999999
	255.0	6798.000000000001
	256.0	6511.0
	257.0	6524.0
	258.0	5191.0
	259.0	7750.0
	260.0	6868.0
	261.0	7992.999999999999
	262.0	7512.0
	263.0	7279.0
	264.0	5232.0
	265.0	5145.0
	266.0	6730.0
	267.0	7214.999999999999
	268.0	6621.999999999999
	269.0	6425.0
	270.0	5874.0
	271.0	5418.0
	272.0	5028.0
	273.0	6711.0
	274.0	6937.000000000001
	275.0	6459.0
	276.0	7263.0
	277.0	7797.0
	278.0	7234.0
	279.0	5652.0
	280.0	8203.0
	281.0	7315.0
	282.0	7479.999999999999
	283.0	6620.0
	284.0	6253.0
	285.0	5641.0
	286.0	5105.0
	287.0	6566.0
	288.0	5907.0
	289.0	5452.0
	290.0	3851.0000000000005
	291.0	3591.0
	292.0	4842.0
	293.0	5142.0
	294.0	4871.0
	295.0	5027.0
	296.0	4900.0
	297.0	4216.0
	298.0	4646.0
	299.0	5001.0
	300.0	4320.0
	301.0	5893.0
	302.0	5534.0
	303.0	4674.0
	304.0	4012.0
	305.0	3678.9999999999995
	306.0	3115.0
	307.0	2452.0
	308.0	3458.0000000000005
	309.0	3037.0
	310.0	2668.0
	311.0	3069.0
	312.0	2382.0
	313.0	2317.0
	314.0	1837.0
	315.0	2897.0
	316.0	2799.0
	317.0	2430.0
	318.0	2284.0
	319.0	2037.0000000000002
	320.0	1701.0
	321.0	1545.0
	322.0	2095.0
	323.0	2031.9999999999998
	324.0	2214.0
	325.0	2028.0
	326.0	1728.0000000000002
	327.0	1584.0
	328.0	1441.0
	329.0	2040.0
	330.0	2139.0
	331.0	1963.0
	332.0	1559.0
	333.0	1818.0
	334.0	1409.0
	335.0	1282.0
	336.0	1949.9999999999998
	337.0	1971.9999999999998
	338.0	1622.9999999999998
	339.0	1602.0
	340.0	1723.0
	341.0	1198.0
	342.0	1417.0
	343.0	1406.0
	344.0	1336.0
	345.0	1825.0
	346.0	1737.0
	347.0	2097.0
	348.0	1277.0
	349.0	1284.0
	350.0	2150.0
	351.0	1757.0
	352.0	1820.0
	353.0	1534.0
	354.0	1421.0
	355.0	1066.0
	356.0	1116.0
	357.0	1281.0
	358.0	1610.0
	359.0	1600.0
	360.0	1905.0
	361.0	1353.0
	362.0	1533.0
	363.0	1201.0
	364.0	1934.0000000000002
	365.0	1808.9999999999998
	366.0	1728.0000000000002
	367.0	1511.0
	368.0	1586.0
	369.0	1042.0
	370.0	1431.0
	371.0	1766.9999999999998
	372.0	1813.0000000000002
	373.0	1551.0
	374.0	1878.0
	375.0	1612.0
	376.0	1291.0
	377.0	1286.0
	378.0	2151.0
	379.0	1764.0
	380.0	2010.9999999999998
	381.0	1901.0
	382.0	1876.0
	383.0	1746.9999999999998
	384.0	1585.0
	385.0	2024.0
	386.0	2421.0
	387.0	2006.0
	388.0	2090.0
	389.0	1833.0000000000002
	390.0	1782.0
	391.0	1837.0
	392.0	2455.0
	393.0	2476.0
	394.0	2822.0
	395.0	2252.0
	396.0	2279.0
	397.0	1996.0000000000002
	398.0	1988.0
	399.0	2704.0
	400.0	2502.0
	401.0	2541.0
	402.0	2526.0
	403.0	2687.0
	404.0	2098.0
	405.0	1840.0
	406.0	3215.0
	407.0	2662.0
	408.0	3208.0
	409.0	2699.0
	410.0	2635.0
	411.0	2050.0
	412.0	2432.0
	413.0	2114.0
	414.0	2846.0
	415.0	2765.0
	416.0	2828.0
	417.0	2896.0
	418.0	2628.0
	419.0	2718.0
	420.0	2787.0
	421.0	3817.9999999999995
	422.0	3079.0
	423.0	2789.0
	424.0	3573.0
	425.0	2430.0
	426.0	2096.0
	427.0	3312.0
	428.0	2954.0
	429.0	2653.0
	430.0	2924.0
	431.0	2487.0
	432.0	2075.0
	433.0	2416.0
	434.0	3105.0
	435.0	3274.0
	436.0	3241.0
	437.0	3718.9999999999995
	438.0	2614.0
	439.0	3669.0
	440.0	2842.0
	441.0	2876.0
	442.0	2817.0
	443.0	2897.0
	444.0	2936.0
	445.0	3266.0
	446.0	3817.0
	447.0	4124.0
	448.0	5245.0
	449.0	5853.0
	450.0	6701.000000000001
	451.0	7704.0
	452.0	6590.0
	453.0	6805.0
	454.0	5782.0
	455.0	6195.0
	456.0	9056.0
	457.0	9120.0
	458.0	8305.0
	459.0	7584.0
	460.0	6554.999999999999
	461.0	6533.999999999999
	462.0	8598.0
	463.0	7916.0
	464.0	8457.0
	465.0	6722.999999999999
	466.0	7246.0
	467.0	6209.0
	468.0	5823.0
	469.0	7597.000000000001
	470.0	6893.0
	471.0	7446.000000000001
	472.0	7624.0
	473.0	6557.0
	474.0	5498.0
	475.0	5621.0
	476.0	6040.0
	477.0	6642.999999999999
	478.0	5694.0
	479.0	5410.0
	480.0	5403.0
	481.0	4991.0
	482.0	3966.0
	483.0	5237.0
	484.0	5382.0
	485.0	4561.0
	486.0	4357.0
	487.0	4006.9999999999995
	488.0	3188.0
	489.0	3254.0000000000005
	490.0	4287.0
	491.0	3425.0
	492.0	3376.0000000000005
	493.0	3406.0
	494.0	2629.0
	495.0	2623.0
	496.0	2445.0
	497.0	3356.0
	498.0	3481.0000000000005
	499.0	3514.0
	500.0	2484.0
	501.0	3300.0
	502.0	1951.9999999999998
	503.0	2502.0
	504.0	3227.0
	505.0	2583.0
	506.0	2235.0
	507.0	2761.0
	508.0	2150.0
	509.0	1639.0
	510.0	2076.0
	511.0	2294.0
	512.0	2529.0
	513.0	2317.0
	514.0	1954.0000000000002
	515.0	1489.0
	516.0	2006.0
	517.0	1590.0
	518.0	2142.0
	519.0	1925.0
	520.0	1852.0000000000002
	521.0	1661.0
	522.0	1458.0
	523.0	1105.0
	524.0	1402.0
	525.0	1712.0
	526.0	1509.0
	527.0	1498.0
	528.0	1444.0
	529.0	1424.0
	530.0	1162.0
	531.0	1229.0
	532.0	1864.0
	533.0	1633.0
	534.0	1549.0
	535.0	1542.0
	536.0	1463.0
	537.0	1187.0
	538.0	1269.0
	539.0	1801.0
	540.0	1566.0
	541.0	1940.0
	542.0	1592.0
	543.0	2022.0
	544.0	1609.0
	545.0	1838.0
	546.0	2479.0
	547.0	2537.0
	548.0	2746.0
	549.0	2376.0
	550.0	2469.0
	551.0	1926.0
	552.0	1990.9999999999998
	553.0	3445.0
	554.0	2893.0
	555.0	3211.0
	556.0	3275.0000000000005
	557.0	3386.9999999999995
	558.0	2541.0
	559.0	3004.0
	560.0	3998.0
	561.0	3993.0
	562.0	4032.0000000000005
	563.0	4294.0
	564.0	4410.0
	565.0	3827.0
	566.0	3589.0
	567.0	5404.0
	568.0	4595.0
	569.0	6001.0
	570.0	4610.0
	571.0	5002.0
	572.0	4699.0
	573.0	4410.0
	574.0	6712.0
	575.0	6630.999999999999
	576.0	6545.0
	577.0	6739.999999999999
	578.0	6823.000000000001
	579.0	5700.0
	580.0	5847.0