t x T  Err  Terr #SvFver_62_tbl
0.0 0.0 100.0 -1.7763310633419847 98.22366893665802
0.0 0.2 81.9672131147541 1.1588444480106292 83.12605756276473
0.0 0.4 67.56756756756756 -2.0209184940610156 65.54664907350654
0.0 0.6000000000000001 56.179775280898866 0.46214345942243507 56.6419187403213
0.0 0.8 47.16981132075471 -1.5579918873793355 45.61181943337537
0.0 1.0 40.0 -5.034415547798932 34.96558445220107
0.0 1.2000000000000002 34.24657534246575 2.6757246125671483 36.922299955032905
0.0 1.4000000000000001 29.585798816568044 5.289711369864516 34.875510186432564
0.0 1.6 25.773195876288657 -3.850796550692479 21.922399325596178
0.0 1.8 22.624434389140273 3.7557747575737177 26.38020914671399
0.0 2.0 20.0 0.9733001609631672 20.973300160963166
0.5 0.0 92.3076923076923 -0.9092424024187687 91.39844990527354
0.5 0.2 81.30081300813008 0.10005523442792909 81.400868242558
0.5 0.4 71.25890736342043 -2.093536515244498 69.16537084817594
0.5 0.6000000000000001 62.370062370062364 -4.820565457845295 57.549496912217066
0.5 0.8 54.64480874316939 -0.19710294300929632 54.447705800160094
0.5 1.0 48.0 3.681038892442891 51.68103889244289
0.5 1.2000000000000002 42.313117066290545 -0.5320780703032846 41.78103899598726
0.5 1.4000000000000001 37.45318352059924 0.5107330710461631 37.9639165916454
0.5 1.6 33.296337402885676 -1.1982975099785316 32.098039892907146
0.5 1.8 29.73240832507433 -2.542433259076586 27.189975065997746
0.5 2.0 26.666666666666668 -0.1635193846016605 26.503147282065008
1.0 0.0 80.0 1.033566582097039 81.03356658209704
1.0 0.2 73.52941176470588 -1.8236975236154263 71.70571424109046
1.0 0.4 67.11409395973155 -0.40333167182451346 66.71076228790703
1.0 0.6000000000000001 60.97560975609756 -0.5139249299841181 60.46168482611344
1.0 0.8 55.24861878453039 -1.3067611714977387 53.94185761303265
1.0 1.0 50.0 -5.063861449975408 44.936138550024594
1.0 1.2000000000000002 45.248868778280546 1.1025221363909425 46.35139091467149
1.0 1.4000000000000001 40.983606557377044 0.41997686099415116 41.4035834183712
1.0 1.6 37.17472118959107 -3.255032297249909 33.919688892341156
1.0 1.8 33.78378378378378 0.14436850487810574 33.92815228866189
1.0 2.0 30.76923076923077 2.2901448434412934 33.05937561267206
1.5 0.0 68.96551724137932 1.0222537235418956 69.98777096492121
1.5 0.2 65.01950585175553 0.558711226300115 65.57821707805564
1.5 0.4 60.90133982947626 0.244165798776188 61.145505628252444
1.5 0.6000000000000001 56.75368898978434 0.9588455556843392 57.71253454546868
1.5 0.8 52.68703898840885 -0.15095469336257114 52.53608429504628
1.5 1.0 48.78048780487805 2.035172698407008 50.81566050328506
1.5 1.2000000000000002 45.08566275924256 -0.13490449296997373 44.95075826627259
1.5 1.4000000000000001 41.63197335553705 1.6917489867247533 43.3237223422618
1.5 1.6 38.43197540353574 -1.565780041284293 36.866195362251446
1.5 1.8 35.486160397445 -2.511059574784373 32.97510082266062
1.5 2.0 32.78688524590164 0.08299954697321585 32.86988479287485
2.0 0.0 60.0 -0.625754721147818 59.37424527885218
2.0 0.2 57.4712643678161 -2.4079208549099977 55.0633435129061
2.0 0.4 54.74452554744526 -0.9104824006568851 53.834043146788375
2.0 0.6000000000000001 51.903114186851205 5.217632901099451 57.120747087950654
2.0 0.8 49.01960784313725 -1.0678004425612575 47.951807400575994
2.0 1.0 46.15384615384615 2.30652121510434 48.46036736895049
2.0 1.2000000000000002 43.35260115606936 4.084653031451381 47.43725418752074
2.0 1.4000000000000001 40.65040650406503 2.270385450987583 42.920791955052614
2.0 1.6 38.07106598984771 1.2451415600465028 39.316207549894216
2.0 1.8 35.62945368171022 2.0464006727606447 37.675854354470864
2.0 2.0 33.33333333333333 -2.412511245904095 30.920822087429233
2.5 0.0 52.83018867924528 0.28291825962092676 53.11310693886621
2.5 0.2 51.13221329437546 -1.4371754326495596 49.6950378617259
2.5 0.4 49.26108374384236 -0.37671838188552625 48.88436536195684
2.5 0.6000000000000001 47.26536124240378 -0.6757689627245588 46.589592279679216
2.5 0.8 45.19044544867656 -2.551237660778223 42.63920778789834
2.5 1.0 43.07692307692308 -0.7432606677135077 42.33366240920957
2.5 1.2000000000000002 40.95962551199532 0.7555507508535854 41.71517626284891
2.5 1.4000000000000001 38.86729594669628 -0.5454751909152404 38.32182075578104
2.5 1.6 36.822724881641236 -0.9619745991977589 35.860750282443476
2.5 1.8 34.84320557491289 -4.21641880669393 30.626786768218963
2.5 2.0 32.94117647058823 -2.943025257346146 29.998151213242085
3.0 0.0 47.05882352941176 -3.0539631563076384 44.00486037310412
3.0 0.2 45.87155963302752 1.3868863318937932 47.258445964921314
3.0 0.4 44.54342984409799 2.970385183202191 47.51381502730018
3.0 0.6000000000000001 43.103448275862064 -0.5909035718585786 42.51254470400349
3.0 0.8 41.58004158004157 -0.37227919145452426 41.20776238858705
3.0 1.0 40.0 0.07094967112605083 40.07094967112605
3.0 1.2000000000000002 38.38771593090211 2.4808158232124065 40.868531754114514
3.0 1.4000000000000001 36.764705882352935 -3.9455751536641253 32.81913072868881
3.0 1.6 35.1493848857645 2.7713275001041935 37.92071238586869
3.0 1.8 33.557046979865774 1.5752714173755447 35.13231839724132
3.0 2.0 32.0 1.2053339626809072 33.20533396268091
3.5 0.0 42.35294117647059 -0.5952275851233044 41.75771359134728
3.5 0.2 41.49377593360995 1.1444072126351938 42.63818314624515
3.5 0.4 40.5222872579919 -0.8113523475914229 39.710934910400475
3.5 0.6000000000000001 39.456378781236296 0.37813996528050053 39.8345187465168
3.5 0.8 38.314176245210724 -1.9640963241967966 36.35007992101393
3.5 1.0 37.11340206185567 -1.238190233289505 35.875211828566165
3.5 1.2000000000000002 35.870864886408924 0.6076798659578325 36.47854475236676
3.5 1.4000000000000001 34.602076124567475 -0.8882330443339844 33.71384308023349
3.5 1.6 33.32099222510181 -1.0271308688997307 32.29386135620208
3.5 1.8 32.03987184051264 -1.187214078597447 30.852657761915193
3.5 2.0 30.76923076923077 -1.4748138078091764 29.294416961421593
4.0 0.0 38.46153846153847 1.7806994439811654 40.24223790551963
4.0 0.2 37.821482602118 -2.550929079573741 35.27055352254426
4.0 0.4 37.0919881305638 2.990023327907002 40.0820114584708
4.0 0.6000000000000001 36.284470246734394 1.9109754214349943 38.19544566816939
4.0 0.8 35.41076487252124 0.28200655121159063 35.69277142373283
4.0 1.0 34.48275862068966 1.5949552516587298 36.07771387234839
4.0 1.2000000000000002 33.51206434316354 -0.014321964345564599 33.497742378817975
4.0 1.4000000000000001 32.50975292587776 -2.900687019070169 29.609065906807594
4.0 1.6 31.48614609571788 0.6721284562182489 32.15827455193613
4.0 1.8 30.45066991473813 1.2734952789859526 31.72416519372408
4.0 2.0 29.411764705882355 4.029573900936532 33.44133860681889
4.5 0.0 35.199999999999996 0.29622795262861035 35.49622795262861
4.5 0.2 34.7112653834017 0.5832251847383022 35.294490568140006
4.5 0.4 34.15088481837938 -0.823363179235642 33.32752163914374
4.5 0.6000000000000001 33.526363913441024 -2.0429026998227098 31.483461213618313
4.5 0.8 32.845625559868616 -3.0481775319907154 29.7974480278779
4.5 1.0 32.11678832116788 1.2850479058349955 33.401836227002875
4.5 1.2000000000000002 31.34796238244514 0.12843308864572586 31.476395471090864
4.5 1.4000000000000001 30.547070258261588 0.49110148762016687 31.038171745881755
4.5 1.6 29.721696838692246 -0.1176020903697524 29.604094748322492
4.5 1.8 28.878970858493048 -1.1177091263559278 27.761261732137122
4.5 2.0 28.02547770700637 1.9907677097537604 30.016245416760132
5.0 0.0 32.432432432432435 4.5851956002711605 37.0176280327036
5.0 0.2 32.05128205128205 1.2850367842577348 33.336318835539785
5.0 0.4 31.61222339304531 1.1681293235784833 32.78035271662379
5.0 0.6000000000000001 31.12033195020747 0.9322531363968694 32.05258508660434
5.0 0.8 30.58103975535168 -1.4796167838836314 29.101422971468047
5.0 1.0 30.0 1.0663807329776591 31.06638073297766
5.0 1.2000000000000002 29.38295788442703 -0.65148693629948 28.731470948127548
5.0 1.4000000000000001 28.735632183908045 -0.9400699927715515 27.795562191136494
5.0 1.6 28.063610851262865 -2.7255531932822934 25.33805765798057
5.0 1.8 27.37226277372263 -1.8929367200969613 25.479326053625666
5.0 2.0 26.666666666666668 -0.9572161124243044 25.709450554242363
