X  Y  bB  nB  tB  Vsedim  delT  botNi  multB  #SvFver_62_tbl
	-56.36492381903415	59.320137593940814	26.0	0.0	1992.0	0.5	10.0	56.0	1.0
	-61.10376323229359	24.055824884098342	27.0	1.0	1992.0	0.5	10.0	32.0	1.0
	-61.12770211862577	23.125295999077977	28.0	2.0	1992.0	0.5	10.0	67.0	1.0
	-61.79981666022201	22.21150851369309	29.0	3.0	1992.0	0.5	10.0	57.0	1.0
	-60.479773724464145	23.108737115585143	30.0	4.0	1992.0	0.5	10.0	15.0	1.0
	-60.487403727397215	-2.9629417105969225	31.0	5.0	1992.0	0.5	10.0	38.0	1.0
	-73.68440310229596	-16.563951467428595	32.0	6.0	1992.0	0.5	10.0	20.0	1.0
	-75.85193412090257	-33.2601342419828	33.0	7.0	1992.0	0.5	10.0	19.0	1.0
	-73.36623854938983	-38.92376128908559	34.0	8.0	1992.0	0.5	10.0	17.0	1.0
	-63.229529477560064	-7.548232293392942	35.0	9.0	1992.0	0.5	10.0	50.0	1.0
	-60.74467267513485	-13.19896149140476	36.0	10.0	1992.0	0.5	10.0	55.0	1.0
	-46.51365567480935	7.8984656554595745	37.0	11.0	1992.0	0.5	10.0	40.0	1.0
	-36.66048696630811	12.382094390348186	38.0	12.0	1992.0	0.5	10.0	63.0	1.0
	-27.569445952734362	10.398133525347575	39.0	13.0	1992.0	0.5	10.0	373.0	1.0
	-21.74037356028854	41.98772161720861	40.0	14.0	1992.0	0.5	10.0	76.0	1.0
	-23.402747884879517	36.41839484018341	41.0	15.0	1992.0	0.5	10.0	54.0	1.0
	-17.971849673199912	30.32034159058128	42.0	16.0	1992.0	0.5	10.0	156.0	1.0
	-11.786015884353027	40.05535773214142	43.0	17.0	1992.0	0.5	10.0	32.0	1.0
	-16.751314071008554	20.16505484291713	44.0	18.0	1992.0	0.5	10.0	79.0	1.0
	-13.964503465424139	25.173692116417712	45.0	19.0	1992.0	0.5	10.0	53.0	1.0
	-8.263942592621202	35.3862521151413	46.0	20.0	1992.0	0.5	10.0	48.0	1.0
	-9.241769102296422	32.597359273835735	47.0	21.0	1992.0	0.5	10.0	50.0	1.0
	-9.575745631907857	29.80616881562632	48.0	22.0	1992.0	0.5	10.0	46.0	1.0
	-2.143072257049939	32.11489229853797	49.0	23.0	1992.0	0.5	10.0	60.0	1.0
	-0.20643930094606808	33.51017751633378	50.0	24.0	1992.0	0.5	10.0	63.0	1.0
	1.0848303266224542	31.276423871529246	51.0	25.0	1992.0	0.5	10.0	81.0	1.0
	-1.6604457367467456	29.973592522993187	52.0	26.0	1992.0	0.5	10.0	57.0	1.0
	-1.9521054502170814	28.85681528181756	53.0	27.0	1992.0	0.5	10.0	118.0	1.0
	-2.152765967255217	21.410305435789212	54.0	28.0	1992.0	0.5	10.0	91.0	1.0
	-7.026915566947234	17.696333503191752	55.0	29.0	1992.0	0.5	10.0	200.0	1.0
	-10.260142906591268	19.239746839387095	56.0	30.0	1992.0	0.5	10.0	175.0	1.0
	-11.347925822627019	13.800087428344554	57.0	31.0	1992.0	0.5	10.0	158.0	1.0
	0.5946380357842694	17.591621903207866	58.0	32.0	1992.0	0.5	10.0	63.0	1.0
	-1.596717068130413	21.585462455955096	59.0	33.0	1992.0	0.5	10.0	60.0	1.0
	-19.085946911927206	12.17714158813159	1.0	34.0	1992.0	0.5	10.0	355.0	1.0
	-9.350790478646918	4.672444122104835	7.0	35.0	1992.0	0.5	10.0	990.0	1.0
	-8.048568825626221	3.5507025151591876	60.0	36.0	1992.0	0.5	10.0	947.0	1.0
	-14.46628462596687	-2.5653946203444633	61.0	37.0	1992.0	0.5	10.0	1130.0	1.0
	13.010683236695872	22.439300304322174	62.0	38.0	1992.0	0.5	10.0	98.0	1.0
	-56.68387931115749	-20.305469884410954	63.0	39.0	1992.0	0.5	10.0	83.0	1.0
	-33.82230353838826	-17.449623467690856	10.0	40.0	1992.0	0.5	10.0	39.0	1.0
	-80.38033132080062	-59.175967873527924	64.0	41.0	1992.0	0.5	10.0	23.0	1.0
	-82.21898401100874	-74.33818024741612	65.0	42.0	1992.0	0.5	10.0	21.0	1.0
	-48.54124983870869	-58.920870086210186	66.0	43.0	1992.0	0.5	10.0	29.0	1.0
	-22.89682780776202	-47.36551706418588	16.0	44.0	1992.0	0.5	10.0	38.0	1.0
	21.941104404833055	10.339885326806453	2.0	45.0	1992.0	0.5	10.0	159.0	1.0
	43.5386464071251	5.049536496454365	5.0	46.0	2018.0	0.98	10.0	276.920867039689	1.0
	43.5386464071251	5.049536496454365	5.0	47.0	2008.0	0.98	10.0	186.05122138557	1.0
	43.5386464071251	5.049536496454365	5.0	48.0	1998.0	0.98	10.0	148.235801213105	1.0
	43.5386464071251	5.049536496454365	5.0	49.0	1988.0	0.98	10.0	101.921831410981	1.0
	43.5386464071251	5.049536496454365	5.0	50.0	1978.0	0.98	10.0	80.9034966465866	1.0
	43.5386464071251	5.049536496454365	5.0	51.0	1968.0	0.98	10.0	67.2761275174688	1.0
	43.5386464071251	5.049536496454365	5.0	52.0	1958.0	0.98	10.0	52.9565264355169	1.0
	-6.476819829161038	2.834777963540702	9.0	53.0	2018.0	1.7	6.0	2522.83673471201	0.5
	-6.476819829161038	2.834777963540702	9.0	54.0	2012.0	1.7	6.0	3830.83797108572	0.5
	-6.476819829161038	2.834777963540702	9.0	55.0	2006.0	1.7	6.0	4187.00471007942	0.5
	-6.476819829161038	2.834777963540702	9.0	56.0	2000.0	1.7	6.0	3197.59045467809	0.5
	-6.476819829161038	2.834777963540702	9.0	57.0	1994.0	1.7	6.0	2434.22254241948	0.5
	-6.476819829161038	2.834777963540702	9.0	58.0	1988.0	1.7	6.0	1770.20488074785	0.5
	-6.476819829161038	2.834777963540702	9.0	59.0	1982.0	1.7	6.0	1272.95141729856	0.5
	-6.476819829161038	2.834777963540702	9.0	60.0	1976.0	1.7	6.0	827.614144600235	0.5
	-6.476819829161038	2.834777963540702	9.0	61.0	1970.0	1.7	6.0	535.197432079988	0.5
	-6.476819829161038	2.834777963540702	9.0	62.0	1964.0	1.7	6.0	433.897310464764	0.5
	-6.476819829161038	2.834777963540702	9.0	63.0	1958.0	1.7	6.0	261.724990874966	0.5
	-6.476819829161038	2.834777963540702	9.0	64.0	1952.0	1.7	6.0	120.639247839387	0.5
	-33.82230353838826	-17.449623467690856	10.0	65.0	2010.0	0.5	10.0	263.0	1.0
	-33.82230353838826	-17.449623467690856	10.0	66.0	2005.0	0.7	7.0	94.0	1.0
	-33.82230353838826	-17.449623467690856	10.0	67.0	1990.0	0.7	7.0	55.0	1.0
	-33.82230353838826	-17.449623467690856	10.0	68.0	1975.0	0.7	7.0	35.0	1.0
	-33.82230353838826	-17.449623467690856	10.0	69.0	1965.0	0.7	7.0	26.0	1.0
	-33.82230353838826	-17.449623467690856	10.0	70.0	1950.0	0.7	7.0	26.0	1.0
	-17.971849673199912	30.32034159058128	42.0	71.0	1990.0	0.5	10.0	360.0	1.0
	-17.971849673199912	30.32034159058128	42.0	72.0	1975.0	0.5	10.0	220.0	1.0
	-17.971849673199912	30.32034159058128	42.0	73.0	1950.0	0.5	4.0	100.0	1.0