X  Y  bW  tW  waterNi  nW  #SvFver_62_tbl
	102.36968388071506	-58.375238170822996	19.0	1995.0	0.5	0.0
	104.30115413968188	-56.430844120443524	18.0	1995.0	0.1	1.0
	56.72367101407596	-28.19419686572715	11.0	1992.0	2.2	2.0
	56.72367101407596	-28.19419686572715	11.0	1993.0	4.7	3.0
	56.72367101407596	-28.19419686572715	11.0	1995.0	1.5	4.0
	56.72367101407596	-28.19419686572715	11.0	2000.0	1.6	5.0
	56.72367101407596	-28.19419686572715	11.0	2005.0	0.3	6.0
	56.72367101407596	-28.19419686572715	11.0	2009.0	1.9	7.0
	56.72367101407596	-28.19419686572715	11.0	2014.0	1.52	8.0
	56.72367101407596	-28.19419686572715	11.0	2018.0	1.0	9.0
	43.5386464071251	5.049536496454365	5.0	1990.0	2.0	10.0
	43.5386464071251	5.049536496454365	5.0	1995.0	4.4	11.0
	43.5386464071251	5.049536496454365	5.0	2000.0	3.0	12.0
	43.5386464071251	5.049536496454365	5.0	2002.0	2.9	13.0
	43.5386464071251	5.049536496454365	5.0	2005.0	3.0	14.0
	43.5386464071251	5.049536496454365	5.0	2009.0	3.5	15.0
	43.5386464071251	5.049536496454365	5.0	2014.0	2.6	16.0
	43.5386464071251	5.049536496454365	5.0	2018.0	2.545683311046807	17.0
	25.910069862948433	4.794206997877026	6.0	1992.0	0.6	18.0
	25.910069862948433	4.794206997877026	6.0	1993.0	6.4	19.0
	25.910069862948433	4.794206997877026	6.0	1995.0	5.2	20.0
	25.910069862948433	4.794206997877026	6.0	2000.0	4.5	21.0
	25.910069862948433	4.794206997877026	6.0	2005.0	4.7	22.0
	25.910069862948433	4.794206997877026	6.0	2009.0	10.0	23.0
	25.910069862948433	4.794206997877026	6.0	2014.0	6.16	24.0
	25.910069862948433	4.794206997877026	6.0	2018.0	7.443429380827842	25.0
	21.941104404833055	10.339885326806453	2.0	1990.0	5.0	26.0
	21.941104404833055	10.339885326806453	2.0	1995.0	5.7	27.0
	21.941104404833055	10.339885326806453	2.0	2000.0	4.4	28.0
	21.941104404833055	10.339885326806453	2.0	2005.0	4.7	29.0
	21.941104404833055	10.339885326806453	2.0	2009.0	7.0	30.0
	21.941104404833055	10.339885326806453	2.0	2010.0	6.4	31.0
	21.941104404833055	10.339885326806453	2.0	2014.0	5.88	32.0
	21.941104404833055	10.339885326806453	2.0	2018.0	5.412157495837241	33.0
	16.65136279885787	21.467558313444002	0.0	1990.0	6.0	34.0
	16.65136279885787	21.467558313444002	0.0	1992.0	9.0	35.0
	16.65136279885787	21.467558313444002	0.0	1995.0	9.9	36.0
	16.65136279885787	21.467558313444002	0.0	2000.0	5.5	37.0
	16.65136279885787	21.467558313444002	0.0	2004.0	7.3	38.0
	16.65136279885787	21.467558313444002	0.0	2010.0	10.0	39.0
	16.65136279885787	21.467558313444002	0.0	2014.0	8.64	40.0
	16.65136279885787	21.467558313444002	0.0	2018.0	7.888744296017704	41.0
	8.273464231019663	6.530179671751313	4.0	1995.0	52.0	42.0
	8.273464231019663	6.530179671751313	4.0	2000.0	60.0	43.0
	8.273464231019663	6.530179671751313	4.0	2005.0	54.0	44.0
	8.273464231019663	6.530179671751313	4.0	2009.0	74.0	45.0
	8.273464231019663	6.530179671751313	4.0	2014.0	78.9	46.0
	8.273464231019663	6.530179671751313	4.0	2018.0	63.31176354312068	47.0
	6.979338438350312	2.802676494696499	8.0	1995.0	65.0	48.0
	6.979338438350312	2.802676494696499	8.0	2000.0	31.0	49.0
	6.979338438350312	2.802676494696499	8.0	2005.0	54.0	50.0
	6.979338438350312	2.802676494696499	8.0	2009.0	63.0	51.0
	6.979338438350312	2.802676494696499	8.0	2014.0	72.2	52.0
	6.979338438350312	2.802676494696499	8.0	2018.0	64.56578612356738	53.0
	-6.476819829161038	2.834777963540702	9.0	1995.0	33.0	54.0
	-6.476819829161038	2.834777963540702	9.0	2018.0	70.26449907664389	55.0
	-14.54067232632989	10.283453321776292	3.0	1989.0	16.2	56.0
	-14.54067232632989	10.283453321776292	3.0	1990.0	14.0	57.0
	-14.54067232632989	10.283453321776292	3.0	1995.0	18.3	58.0
	-14.54067232632989	10.283453321776292	3.0	2000.0	13.0	59.0
	-14.54067232632989	10.283453321776292	3.0	2003.0	18.5	60.0
	-14.54067232632989	10.283453321776292	3.0	2003.0	21.0	61.0
	-14.54067232632989	10.283453321776292	3.0	2004.0	27.8	62.0
	-14.54067232632989	10.283453321776292	3.0	2005.0	27.4	63.0
	-14.54067232632989	10.283453321776292	3.0	2005.0	22.5	64.0
	-14.54067232632989	10.283453321776292	3.0	2007.0	27.0	65.0
	-14.54067232632989	10.283453321776292	3.0	2007.0	33.0	66.0
	-14.54067232632989	10.283453321776292	3.0	2008.0	40.0	67.0
	-14.54067232632989	10.283453321776292	3.0	2009.0	34.0	68.0
	-14.54067232632989	10.283453321776292	3.0	2009.0	39.0	69.0
	-14.54067232632989	10.283453321776292	3.0	2010.0	35.0	70.0
	-14.54067232632989	10.283453321776292	3.0	2011.0	35.0	71.0
	-14.54067232632989	10.283453321776292	3.0	2012.0	31.0	72.0
	-14.54067232632989	10.283453321776292	3.0	2013.0	27.0	73.0
	-14.54067232632989	10.283453321776292	3.0	2014.0	35.6	74.0
	-14.54067232632989	10.283453321776292	3.0	2014.0	28.0	75.0
	-14.54067232632989	10.283453321776292	3.0	2015.0	37.0	76.0
	-14.54067232632989	10.283453321776292	3.0	2018.0	39.25000788563396	77.0
	-33.82230353838826	-17.449623467690856	10.0	1989.0	3.7	78.0
	-33.82230353838826	-17.449623467690856	10.0	1992.0	11.0	79.0
	-33.82230353838826	-17.449623467690856	10.0	1995.0	6.5	80.0
	-33.82230353838826	-17.449623467690856	10.0	2000.0	4.8	81.0
	-33.82230353838826	-17.449623467690856	10.0	2003.0	6.0	82.0
	-33.82230353838826	-17.449623467690856	10.0	2004.0	5.7	83.0
	-33.82230353838826	-17.449623467690856	10.0	2005.0	4.7	84.0
	-33.82230353838826	-17.449623467690856	10.0	2005.0	3.6	85.0
	-33.82230353838826	-17.449623467690856	10.0	2005.0	6.4	86.0
	-33.82230353838826	-17.449623467690856	10.0	2007.0	9.2	87.0
	-33.82230353838826	-17.449623467690856	10.0	2008.0	10.3	88.0
	-33.82230353838826	-17.449623467690856	10.0	2009.0	10.0	89.0
	-33.82230353838826	-17.449623467690856	10.0	2009.0	9.6	90.0
	-33.82230353838826	-17.449623467690856	10.0	2010.0	8.7	91.0
	-33.82230353838826	-17.449623467690856	10.0	2011.0	8.5	92.0
	-33.82230353838826	-17.449623467690856	10.0	2012.0	9.3	93.0
	-33.82230353838826	-17.449623467690856	10.0	2013.0	8.6	94.0
	-33.82230353838826	-17.449623467690856	10.0	2013.0	7.7	95.0
	-33.82230353838826	-17.449623467690856	10.0	2014.0	5.86	96.0
	-33.82230353838826	-17.449623467690856	10.0	2014.0	8.56	97.0
	-33.82230353838826	-17.449623467690856	10.0	2015.0	8.1	98.0
	-33.82230353838826	-17.449623467690856	10.0	2018.0	13.65248660984025	99.0
	-25.371511515079824	-28.723624990648133	12.0	1989.0	2.1	100.0
	-25.371511515079824	-28.723624990648133	12.0	1995.0	3.8	101.0
	-25.371511515079824	-28.723624990648133	12.0	2000.0	3.1	102.0
	-25.371511515079824	-28.723624990648133	12.0	2003.0	3.4	103.0
	-25.371511515079824	-28.723624990648133	12.0	2004.0	3.6	104.0
	-25.371511515079824	-28.723624990648133	12.0	2005.0	4.2	105.0
	-25.371511515079824	-28.723624990648133	12.0	2009.0	6.7	106.0
	-25.371511515079824	-28.723624990648133	12.0	2010.0	7.9	107.0
	-25.371511515079824	-28.723624990648133	12.0	2014.0	9.39	108.0
	-25.371511515079824	-28.723624990648133	12.0	2018.0	4.816140785638868	109.0
	-27.48314312493277	-39.871323394191194	15.0	1995.0	2.6	110.0
	-27.48314312493277	-39.871323394191194	15.0	2000.0	1.2	111.0
	-27.48314312493277	-39.871323394191194	15.0	2018.0	11.25924291255222	112.0
	-25.48784107187631	-39.892962040973856	14.0	1995.0	3.1	113.0
	-25.48784107187631	-39.892962040973856	14.0	2000.0	2.4	114.0
	-25.48784107187631	-39.892962040973856	14.0	2005.0	4.5	115.0
	-25.48784107187631	-39.892962040973856	14.0	2009.0	4.0	116.0
	-25.48784107187631	-39.892962040973856	14.0	2014.0	5.08	117.0
	-25.48784107187631	-39.892962040973856	14.0	2018.0	2.650923296598958	118.0
	-12.928681003220962	-54.885007692833554	17.0	1995.0	1.2	119.0
	-12.928681003220962	-54.885007692833554	17.0	2000.0	1.0	120.0
	-12.928681003220962	-54.885007692833554	17.0	2005.0	1.2	121.0
	-12.928681003220962	-54.885007692833554	17.0	2009.0	1.3	122.0
	-12.928681003220962	-54.885007692833554	17.0	2014.0	1.17	123.0
	-12.928681003220962	-54.885007692833554	17.0	2018.0	1.14	124.0
	-62.89022511875575	-98.8054676967451	24.0	1995.0	0.1	125.0
	-62.89022511875575	-98.8054676967451	24.0	2000.0	0.9	126.0
	-62.89022511875575	-98.8054676967451	24.0	2009.0	0.6	127.0
	-68.91738564749406	-94.92228642438434	23.0	1995.0	0.1	128.0
	-68.91738564749406	-94.92228642438434	23.0	2000.0	0.7	129.0
	-68.91738564749406	-94.92228642438434	23.0	2005.0	1.1	130.0
	-68.91738564749406	-94.92228642438434	23.0	2005.0	0.7	131.0
	-68.91738564749406	-94.92228642438434	23.0	2009.0	0.5	132.0
	-68.91738564749406	-94.92228642438434	23.0	2014.0	0.79	133.0
	-82.01812363218653	-100.11367013078569	25.0	1995.0	0.1	134.0
	-82.01812363218653	-100.11367013078569	25.0	2000.0	0.2	135.0
	-82.01812363218653	-100.11367013078569	25.0	2005.0	0.2	136.0
	-82.01812363218653	-100.11367013078569	25.0	2009.0	0.4	137.0
	-10.352526506836071	-79.09798115036182	22.0	1995.0	0.3	138.0
	-10.352526506836071	-79.09798115036182	22.0	2000.0	0.8	139.0
	-10.352526506836071	-79.09798115036182	22.0	2005.0	1.0	140.0
	-10.352526506836071	-79.09798115036182	22.0	2009.0	1.1	141.0
	-10.352526506836071	-79.09798115036182	22.0	2014.0	1.17	142.0
	-10.352526506836071	-79.09798115036182	22.0	2018.0	0.95	143.0
	-5.622272946907699	-79.11320780081823	21.0	1995.0	0.7	144.0
	-5.622272946907699	-79.11320780081823	21.0	2000.0	0.7	145.0
	14.628380941850875	-75.35329510947619	20.0	1995.0	0.1	146.0
	14.628380941850875	-75.35329510947619	20.0	2000.0	0.9	147.0
	14.628380941850875	-75.35329510947619	20.0	2005.0	1.2	148.0
	14.628380941850875	-75.35329510947619	20.0	2009.0	1.2	149.0
	14.628380941850875	-75.35329510947619	20.0	2014.0	1.24	150.0
	14.628380941850875	-75.35329510947619	20.0	2018.0	1.23	151.0